
Table I. 
Comparision of the exprimental (Eexpt.) and reproduced (Ecalc.) 
rovibronic termvalues assigned to e-parity levels of
the A1Sigma+~b3Pi complex of 23Na133Cs.
----------------------------------------------------------------
The reduced mass is 19.59948277878 Aston units. 
N - the number of level.
V_A - the vibrational quantum number of the complex with a respect to the singlet A-state.
J - the rotational quantum number of the complex.
Del=Eexpt.-Ecalc. (in cm-1)
P_i is the calculated fractional partition (in percents) of the non-adiabatic wavefunction
================================================================
   N  v_A  J   Eexpt.    Ecalc.      Del   P_A   P_b0  P_b1  P_b2
----------------------------------------------------------------
                cm-1     cm-1       cm-1   %      %     %     %
================================================================
   1   0  30 10560.152 10560.133   0.019  97.9   2.1   0.0   0.0  
   2   0  32 10565.160 10565.164  -0.004  97.9   2.1   0.0   0.0  
   3   0  33 10567.793 10567.799  -0.006  97.9   2.1   0.0   0.0  
   4   0  34 10570.514 10570.512   0.002  98.0   2.0   0.0   0.0  
   5   0  35 10573.303 10573.304  -0.001  98.0   2.0   0.0   0.0  
   6   0  36 10576.173 10576.175  -0.002  98.0   2.0   0.0   0.0  
   7   0  37 10579.125 10579.124   0.001  98.0   2.0   0.0   0.0  
   8   0  38 10582.151 10582.152  -0.001  98.0   2.0   0.0   0.0  
   9   0  39 10585.259 10585.259   0.000  98.0   2.0   0.0   0.0  
  10   0  40 10588.444 10588.444   0.000  98.1   1.9   0.0   0.0  
  11   0  41 10591.707 10591.707   0.000  98.1   1.9   0.0   0.0  
  12   0  42 10595.052 10595.049   0.003  98.1   1.9   0.0   0.0  
  13   0  43 10598.469 10598.469   0.000  98.1   1.9   0.0   0.0  
  14   0  44 10601.966 10601.968  -0.002  98.1   1.9   0.0   0.0  
  15   0  45 10605.544 10605.544   0.000  98.1   1.9   0.0   0.0  
  16   0  46 10609.198 10609.199  -0.001  98.1   1.9   0.0   0.0  
  17   0  47 10612.930 10612.931  -0.001  98.1   1.9   0.0   0.0  
  18   0  48 10616.743 10616.741   0.002  98.1   1.9   0.0   0.0  
  19   0  49 10620.630 10620.630   0.000  98.1   1.9   0.0   0.0  
  20   0  50 10624.597 10624.596   0.001  98.1   1.9   0.0   0.0  
  21   0  51 10628.637 10628.640  -0.003  98.1   1.9   0.0   0.0  
  22   0  52 10632.757 10632.762  -0.005  98.1   1.9   0.0   0.0  
  23   0  53 10636.966 10636.962   0.004  98.1   1.9   0.0   0.0  
  24   0  54 10641.240 10641.241  -0.001  98.0   2.0   0.0   0.0  
  25   0  55 10645.599 10645.599   0.000  97.9   2.1   0.0   0.0  
  26   0  56 10650.037 10650.038  -0.001  97.7   2.3   0.0   0.0  
  27   0  57 10654.567 10654.561   0.006  97.2   2.8   0.0   0.0  
  28   0  58 10659.183 10659.182   0.001  95.8   4.2   0.0   0.0  
  29   0  61 10673.133 10673.121   0.012  93.9   6.1   0.0   0.0  
  30   0  62 10678.070 10678.074  -0.004  96.9   3.1   0.0   0.0  
  31   0  63 10683.063 10683.064  -0.001  97.7   2.3   0.0   0.0  
  32   0  64 10688.118 10688.118   0.000  98.0   2.0   0.0   0.0  
  33   0  65 10693.248 10693.243   0.005  98.2   1.8   0.0   0.0  
  34   0  66 10698.443 10698.440   0.003  98.3   1.7   0.0   0.0  
  35   0  67 10703.711 10703.712  -0.001  98.3   1.7   0.0   0.0  
  36   0  68 10709.057 10709.058  -0.001  98.4   1.6   0.0   0.0  
  37   0  69 10714.477 10714.479  -0.002  98.4   1.6   0.0   0.0  
  38   0  70 10719.974 10719.975  -0.001  98.4   1.6   0.0   0.0  
  39   0  71 10725.545 10725.546  -0.001  98.5   1.5   0.0   0.0  
  40   0  72 10731.192 10731.192   0.000  98.5   1.5   0.0   0.0  
  41   0  73 10736.907 10736.912  -0.005  98.5   1.5   0.0   0.0  
  42   0  74 10742.702 10742.707  -0.005  98.5   1.5   0.0   0.0  
  43   0  75 10748.577 10748.577   0.000  98.5   1.5   0.0   0.0  
  44   0  76 10754.526 10754.521   0.005  98.6   1.4   0.0   0.0  
  45   0  77 10760.543 10760.540   0.003  98.6   1.4   0.0   0.0  
  46   0  78 10766.629 10766.633  -0.004  98.6   1.4   0.0   0.0  
  47   0  79 10772.806 10772.800   0.006  98.6   1.4   0.0   0.0  
  48   0  80 10779.038 10779.041  -0.003  98.6   1.4   0.0   0.0  
  49   0  81 10785.356 10785.356   0.000  98.6   1.4   0.0   0.0  
  50   0  82 10791.750 10791.744   0.006  98.6   1.4   0.0   0.0  
  51   0  83 10798.211 10798.207   0.004  98.6   1.4   0.0   0.0  
  52   0  84 10804.747 10804.742   0.005  98.7   1.3   0.0   0.0  
  53   0  85 10811.356 10811.352   0.004  98.6   1.3   0.1   0.0  
  54   0  86 10818.033 10818.034  -0.001  98.7   1.3   0.0   0.0  
  55   0  87 10824.794 10824.790   0.004  98.7   1.3   0.0   0.0  
  56   0  88 10831.616 10831.619  -0.003  98.7   1.3   0.0   0.0  
  57   0  89 10838.529 10838.522   0.007  98.6   1.4   0.0   0.0  
  58   0  90 10845.507 10845.503   0.004  98.2   1.8   0.0   0.0  
  59   1  17 10590.238 10590.238   0.000  91.7   8.3   0.0   0.0  
  60   1  19 10593.286 10593.281   0.005  91.6   8.4   0.0   0.0  
  61   1  20 10594.935 10594.927   0.008  91.5   8.5   0.0   0.0  
  62   1  21 10596.663 10596.654   0.009  91.4   8.5   0.0   0.0  
  63   1  22 10598.473 10598.465   0.008  91.4   8.6   0.0   0.0  
  64   1  23 10600.367 10600.358   0.009  91.2   8.8   0.0   0.0  
  65   1  24 10602.338 10602.335   0.003  91.1   8.9   0.0   0.0  
  66   1  25 10604.405 10604.395   0.010  90.9   9.1   0.0   0.0  
  67   1  26 10606.549 10606.539   0.010  90.7   9.3   0.0   0.0  
  68   1  27 10608.778 10608.767   0.011  90.5   9.5   0.0   0.0  
  69   1  28 10611.092 10611.081   0.011  90.2   9.8   0.0   0.0  
  70   1  29 10613.491 10613.480   0.011  89.8  10.2   0.0   0.0  
  71   1  30 10615.975 10615.966   0.009  89.4  10.6   0.0   0.0  
  72   1  31 10618.549 10618.540   0.009  88.8  11.2   0.0   0.0  
  73   1  32 10621.213 10621.204   0.009  88.2  11.8   0.0   0.0  
  74   1  33 10623.966 10623.961   0.005  87.4  12.6   0.0   0.0  
  75   1  34 10626.821 10626.812   0.009  86.4  13.6   0.0   0.0  
  76   1  35 10629.766 10629.763   0.003  85.1  14.9   0.0   0.0  
  77   1  36 10632.820 10632.816   0.004  83.5  16.5   0.0   0.0  
  78   1  37 10635.981 10635.980   0.001  81.5  18.4   0.0   0.0  
  79   1  38 10639.267 10639.263   0.004  79.0  21.0   0.0   0.0  
  80   1  39 10642.676 10642.674   0.002  75.9  24.1   0.0   0.0  
  81   1  40 10646.231 10646.229   0.002  71.9  28.1   0.0   0.0  
  82   1  41 10649.944 10649.944   0.000  67.1  32.9   0.0   0.0  
  83   1  41 10639.694 10639.690   0.004  38.0  61.9   0.1   0.0  
  84   1  42 10643.993 10643.989   0.004  44.0  56.0   0.1   0.0  
  85   1  42 10653.835 10653.836  -0.001  61.4  38.6   0.0   0.0  
  86   1  43 10657.923 10657.924  -0.001  55.0  44.9   0.1   0.0  
  87   1  43 10648.283 10648.281   0.002  50.6  49.3   0.1   0.0  
  88   1  44 10662.223 10662.222   0.001  48.4  51.5   0.1   0.0  
  89   1  44 10652.550 10652.552  -0.002  57.5  42.4   0.0   0.0  
  90   1  45 10656.785 10656.794  -0.009  64.3  35.7   0.0   0.0  
  91   1  45 10666.730 10666.734  -0.004  42.0  57.9   0.1   0.0  
  92   1  46 10661.005 10661.009  -0.004  70.4  29.6   0.0   0.0  
  93   1  46 10671.461 10671.459   0.002  36.2  63.7   0.1   0.0  
  94   1  47 10665.205 10665.209  -0.004  75.5  24.4   0.0   0.0  
  95   1  48 10669.401 10669.405  -0.004  79.8  20.2   0.0   0.0  
  96   1  49 10673.608 10673.611  -0.003  83.1  16.8   0.0   0.0  
  97   1  50 10677.837 10677.842  -0.005  85.8  14.2   0.0   0.0  
  98   1  51 10682.102 10682.108  -0.006  87.8  12.2   0.0   0.0  
  99   1  52 10686.411 10686.417  -0.006  89.4  10.5   0.0   0.0  
 100   1  53 10690.770 10690.776  -0.006  90.7   9.3   0.0   0.0  
 101   1  54 10695.188 10695.191  -0.003  91.7   8.3   0.0   0.0  
 102   1  55 10699.658 10699.665  -0.007  92.5   7.4   0.0   0.0  
 103   1  56 10704.197 10704.202  -0.005  93.2   6.8   0.0   0.0  
 104   1  57 10708.796 10708.804  -0.008  93.8   6.2   0.0   0.0  
 105   1  58 10713.467 10713.473  -0.006  94.2   5.8   0.0   0.0  
 106   1  59 10718.208 10718.211  -0.003  94.6   5.4   0.0   0.0  
 107   1  60 10723.012 10723.018  -0.006  94.9   5.1   0.0   0.0  
 108   1  61 10727.890 10727.895  -0.005  95.2   4.8   0.0   0.0  
 109   1  62 10732.844 10732.844   0.000  95.4   4.6   0.0   0.0  
 110   1  63 10737.861 10737.864  -0.003  95.6   4.4   0.0   0.0  
 111   1  64 10742.950 10742.958  -0.008  95.8   4.2   0.0   0.0  
 112   1  65 10748.119 10748.123  -0.004  95.9   4.1   0.0   0.0  
 113   1  66 10753.359 10753.362  -0.003  96.0   4.0   0.0   0.0  
 114   1  67 10758.687 10758.675   0.012  96.1   3.9   0.0   0.0  
 115   1  68 10764.057 10764.062  -0.005  96.2   3.8   0.0   0.0  
 116   1  69 10769.523 10769.523   0.000  96.3   3.7   0.0   0.0  
 117   1  70 10775.054 10775.059  -0.005  96.3   3.7   0.0   0.0  
 118   1  71 10780.678 10780.670   0.008  96.3   3.7   0.0   0.0  
 119   1  72 10786.364 10786.357   0.007  96.3   3.7   0.0   0.0  
 120   1  73 10792.119 10792.122  -0.003  96.2   3.8   0.0   0.0  
 121   1  74 10797.959 10797.966  -0.007  96.0   4.0   0.0   0.0  
 122   1  75 10803.891 10803.893  -0.002  95.7   4.3   0.0   0.0  
 123   1  76 10809.908 10809.908   0.000  95.2   4.8   0.0   0.0  
 124   1  77 10816.019 10816.022  -0.003  94.1   5.9   0.0   0.0  
 125   1  78 10822.259 10822.262  -0.003  91.8   8.2   0.0   0.0  
 126   1  79 10828.692 10828.697  -0.005  85.8  14.1   0.1   0.0  
 127   1  80 10835.549 10835.548   0.001  68.7  31.1   0.1   0.0  
 128   1  81 10839.045 10839.047  -0.002  66.1  33.8   0.1   0.0  
 129   1  82 10846.118 10846.119  -0.001  85.4  14.6   0.0   0.0  
 130   1  83 10852.867 10852.871  -0.004  92.1   7.9   0.0   0.0  
 131   1  84 10859.555 10859.557  -0.002  94.7   5.3   0.0   0.0  
 132   1  85 10866.258 10866.258   0.000  95.9   4.1   0.0   0.0  
 133   1  86 10873.004 10873.002   0.002  96.5   3.5   0.0   0.0  
 134   1  87 10879.801 10879.801   0.000  96.9   3.1   0.0   0.0  
 135   1  88 10886.660 10886.663  -0.003  97.2   2.8   0.0   0.0  
 136   1  89 10893.588 10893.590  -0.002  97.4   2.6   0.0   0.0  
 137   1  90 10900.584 10900.585  -0.001  97.5   2.5   0.0   0.0  
 138   1  91 10907.649 10907.648   0.001  97.6   2.4   0.0   0.0  
 139   1  92 10914.778 10914.780  -0.002  97.7   2.3   0.0   0.0  
 140   1  93 10921.981 10921.982  -0.001  97.8   2.2   0.0   0.0  
 141   1  94 10929.251 10929.253  -0.002  97.9   2.1   0.0   0.0  
 142   1  95 10936.592 10936.595  -0.003  97.9   2.1   0.0   0.0  
 143   1  96 10944.004 10944.006  -0.002  98.0   2.0   0.0   0.0  
 144   1  97 10951.486 10951.488  -0.002  98.0   2.0   0.0   0.0  
 145   1  98 10959.037 10959.041  -0.004  98.0   2.0   0.0   0.0  
 146   1  99 10966.661 10966.663  -0.002  98.1   1.9   0.0   0.0  
 147   1 100 10974.354 10974.357  -0.003  98.1   1.9   0.0   0.0  
 148   1 101 10982.118 10982.121  -0.003  98.1   1.9   0.0   0.0  
 149   1 102 10989.963 10989.957   0.006  98.0   2.0   0.0   0.0  
 150   1 103 10997.873 10997.869   0.004  97.8   2.2   0.0   0.0  
 151   1 104 11005.868 11005.867   0.001  97.1   2.9   0.0   0.0  
 152   1 105 11014.058 11014.055   0.003  88.0  11.9   0.1   0.0  
 153   1 106 11021.792 11021.786   0.006  93.0   7.0   0.0   0.0  
 154   1 107 11030.063 11030.056   0.007  97.5   2.5   0.0   0.0  
 155   1 108 11038.330 11038.325   0.005  98.1   1.9   0.0   0.0  
 156   1 109 11046.658 11046.650   0.008  98.3   1.7   0.0   0.0  
 157   1 110 11055.047 11055.038   0.009  98.3   1.7   0.0   0.0  
 158   1 111 11063.500 11063.493   0.007  98.4   1.6   0.0   0.0  
 159   1 112 11072.020 11072.015   0.005  98.4   1.6   0.0   0.0  
 160   1 113 11080.608 11080.604   0.004  98.5   1.5   0.0   0.0  
 161   1 114 11089.267 11089.261   0.006  98.5   1.5   0.0   0.0  
 162   1 115 11097.988 11097.986   0.002  98.5   1.5   0.0   0.0  
 163   2  27 10681.144 10681.149  -0.005  49.1  50.9   0.0   0.0  
 164   2  38 10687.031 10687.028   0.003  76.4  23.6   0.0   0.0  
 165   2  39 10690.438 10690.445  -0.007  77.3  22.7   0.0   0.0  
 166   2  40 10693.935 10693.936  -0.001  78.1  21.9   0.0   0.0  
 167   2  41 10697.507 10697.500   0.007  78.8  21.1   0.0   0.0  
 168   2  42 10701.141 10701.137   0.004  79.6  20.4   0.0   0.0  
 169   2  43 10704.850 10704.848   0.002  80.2  19.7   0.0   0.0  
 170   2  44 10708.637 10708.631   0.006  80.9  19.1   0.0   0.0  
 171   2  45 10712.491 10712.488   0.003  81.4  18.5   0.0   0.0  
 172   2  45 10746.798 10746.775   0.023  45.8  54.1   0.1   0.0  
 173   2  46 10716.427 10716.419   0.008  82.0  18.0   0.0   0.0  
 174   2  46 10751.352 10751.350   0.002  46.4  53.5   0.1   0.0  
 175   2  47 10720.423 10720.425  -0.002  82.5  17.5   0.0   0.0  
 176   2  47 10756.014 10756.012   0.002  47.1  52.8   0.1   0.0  
 177   2  48 10724.502 10724.505  -0.003  82.9  17.1   0.0   0.0  
 178   2  48 10760.760 10760.757   0.003  47.9  52.0   0.1   0.0  
 179   2  49 10728.665 10728.661   0.004  83.2  16.7   0.0   0.0  
 180   2  49 10765.577 10765.583  -0.006  48.8  51.1   0.1   0.0  
 181   2  50 10732.894 10732.893   0.001  83.5  16.4   0.0   0.0  
 182   2  50 10770.478 10770.487  -0.009  49.8  50.1   0.1   0.0  
 183   2  51 10737.203 10737.202   0.001  83.8  16.2   0.0   0.0  
 184   2  52 10741.584 10741.589  -0.005  83.9  16.0   0.0   0.0  
 185   2  53 10746.054 10746.056  -0.002  84.0  15.9   0.0   0.0  
 186   2  54 10750.598 10750.604  -0.006  84.1  15.9   0.0   0.0  
 187   2  55 10755.230 10755.235  -0.005  84.0  16.0   0.0   0.0  
 188   2  56 10759.947 10759.951  -0.004  83.8  16.2   0.0   0.0  
 189   2  57 10764.753 10764.752   0.001  83.3  16.4   0.2   0.0  
 190   2  58 10769.642 10769.647  -0.005  83.0  17.0   0.1   0.0  
 191   2  59 10774.631 10774.636  -0.005  82.4  17.6   0.0   0.0  
 192   2  60 10779.721 10779.724  -0.003  81.5  18.4   0.0   0.0  
 193   2  61 10784.914 10784.918  -0.004  80.4  19.5   0.1   0.0  
 194   2  62 10790.224 10790.225  -0.001  79.0  20.9   0.1   0.0  
 195   2  63 10795.651 10795.655  -0.004  77.3  22.7   0.1   0.0  
 196   2  64 10801.215 10801.218  -0.003  75.1  24.9   0.1   0.0  
 197   2  65 10806.930 10806.929   0.001  72.4  27.6   0.1   0.0  
 198   2  66 10812.796 10812.804  -0.008  69.1  30.8   0.1   0.0  
 199   2  67 10818.859 10818.859   0.000  65.3  34.6   0.1   0.0  
 200   2  68 10825.104 10825.112  -0.008  61.0  38.9   0.1   0.0  
 201   2  69 10831.580 10831.580   0.000  56.3  43.6   0.1   0.0  
 202   2  70 10838.272 10838.273  -0.001  51.5  48.4   0.2   0.0  
 203   2  71 10827.870 10827.869   0.001  62.3  37.6   0.1   0.0  
 204   2  71 10845.190 10845.194  -0.004  46.8  53.0   0.2   0.0  
 205   2  72 10834.479 10834.460   0.019  67.4  32.5   0.1   0.0  
 206   2  72 10852.339 10852.340  -0.001  42.6  57.2   0.2   0.0  
 207   2  73 10841.008 10840.998   0.010  71.9  28.0   0.1   0.0  
 208   2  74 10847.506 10847.496   0.010  75.8  24.1   0.1   0.0  
 209   2  75 10853.970 10853.970   0.000  79.1  20.9   0.1   0.0  
 210   2  76 10860.434 10860.433   0.001  81.8  18.1   0.0   0.0  
 211   2  77 10866.906 10866.901   0.005  84.0  15.9   0.0   0.0  
 212   2  78 10873.390 10873.385   0.005  85.8  14.1   0.0   0.0  
 213   2  79 10879.901 10879.896   0.005  87.3  12.6   0.0   0.0  
 214   2  80 10886.445 10886.442   0.003  88.5  11.4   0.0   0.0  
 215   2  81 10893.031 10893.029   0.002  89.5  10.5   0.0   0.0  
 216   2  82 10899.667 10899.664   0.003  90.3   9.7   0.0   0.0  
 217   2  83 10906.352 10906.351   0.001  91.0   9.0   0.0   0.0  
 218   2  84 10913.096 10913.094   0.002  91.5   8.5   0.0   0.0  
 219   2  85 10919.900 10919.897   0.003  91.9   8.1   0.0   0.0  
 220   2  86 10926.765 10926.764   0.001  92.2   7.8   0.0   0.0  
 221   2  87 10933.696 10933.697  -0.001  92.3   7.7   0.0   0.0  
 222   2  88 10940.700 10940.700   0.000  92.4   7.6   0.0   0.0  
 223   2  89 10947.783 10947.779   0.004  92.3   7.7   0.0   0.0  
 224   2  90 10954.942 10954.939   0.003  92.0   8.0   0.0   0.0  
 225   2  91 10962.188 10962.190  -0.002  91.4   8.6   0.0   0.0  
 226   2  92 10969.552 10969.544   0.008  90.3   9.7   0.0   0.0  
 227   2  93 10977.033 10977.028   0.005  88.4  11.6   0.1   0.0  
 228   2  94 10984.681 10984.683  -0.002  84.9  15.0   0.1   0.0  
 229   2  97 11009.887 11009.885   0.002  50.4  49.3   0.3   0.0  
 230   2  98 11010.365 11010.359   0.006  70.4  29.4   0.1   0.0  
 231   2  98 11019.620 11019.599   0.021  34.4  65.2   0.4   0.0  
 232   2  99 11018.830 11018.830   0.000  81.3  18.6   0.1   0.0  
 233   2 100 11027.045 11027.046  -0.001  87.4  12.6   0.0   0.0  
 234   2 101 11035.150 11035.152  -0.002  90.7   9.2   0.0   0.0  
 235   2 102 11043.222 11043.224  -0.002  92.7   7.3   0.0   0.0  
 236   2 103 11051.306 11051.304   0.002  93.9   6.1   0.0   0.0  
 237   2 104 11059.411 11059.414  -0.003  94.8   5.2   0.0   0.0  
 238   2 105 11067.567 11067.565   0.002  95.3   4.7   0.0   0.0  
 239   2 106 11075.768 11075.767   0.001  95.7   4.2   0.0   0.0  
 240   2 107 11084.018 11084.023  -0.005  96.1   3.9   0.0   0.0  
 241   2 108 11092.335 11092.338  -0.003  96.3   3.7   0.0   0.0  
 242   2 109 11100.711 11100.713  -0.002  96.5   3.5   0.0   0.0  
 243   2 110 11109.149 11109.150  -0.001  96.6   3.3   0.0   0.0  
 244   2 111 11117.653 11117.652   0.001  96.7   3.2   0.0   0.0  
 245   2 112 11126.217 11126.219  -0.002  96.8   3.2   0.0   0.0  
 246   2 113 11134.858 11134.855   0.003  96.4   3.2   0.4   0.0  
 247   2 114 11143.562 11143.562   0.000  96.7   3.3   0.0   0.0  
 248   2 115 11152.348 11152.347   0.001  96.3   3.6   0.0   0.0  
 249   2 116 11161.227 11161.230  -0.003  95.3   4.7   0.0   0.0  
 250   2 117 11170.277 11170.284  -0.007  91.0   8.9   0.1   0.0  
 251   2 126 11252.631 11252.625   0.006  97.9   2.1   0.0   0.0  
 252   2 127 11262.163 11262.156   0.007  98.0   2.0   0.0   0.0  
 253   2 128 11271.753 11271.750   0.003  98.1   1.9   0.0   0.0  
 254   2 129 11281.409 11281.407   0.002  98.1   1.9   0.0   0.0  
 255   3  37 10794.027 10794.037  -0.010  60.7  39.3   0.0   0.0  
 256   3  38 10797.571 10797.576  -0.005  61.1  38.8   0.0   0.0  
 257   3  39 10801.185 10801.200  -0.015  61.5  38.4   0.0   0.0  
 258   3  40 10804.903 10804.909  -0.006  62.0  38.0   0.0   0.0  
 259   3  41 10808.698 10808.703  -0.005  62.4  37.5   0.1   0.0  
 260   3  42 10812.566 10812.580  -0.014  62.9  37.1   0.1   0.0  
 261   3  43 10816.542 10816.540   0.002  63.3  36.6   0.1   0.0  
 262   3  49 10798.570 10798.591  -0.021  64.1  35.9   0.1   0.0  
 263   3  50 10803.179 10803.187  -0.008  63.2  36.7   0.1   0.0  
 264   3  51 10807.885 10807.891  -0.006  62.3  37.6   0.1   0.0  
 265   3  52 10812.697 10812.704  -0.007  61.4  38.5   0.1   0.0  
 266   3  53 10817.624 10817.628  -0.004  60.5  39.4   0.1   0.0  
 267   3  54 10822.661 10822.664  -0.003  59.5  40.4   0.1   0.0  
 268   3  55 10827.811 10827.813  -0.002  58.5  41.4   0.1   0.0  
 269   3  56 10833.065 10833.076  -0.011  57.5  42.4   0.1   0.0  
 270   3  58 10843.945 10843.947  -0.002  55.6  44.3   0.1   0.0  
 271   3  63 10873.119 10873.106   0.013  51.9  47.9   0.1   0.0  
 272   3  66 10891.894 10891.894   0.000  51.0  48.8   0.2   0.0  
 273   3  67 10898.356 10898.353   0.003  51.0  48.8   0.2   0.0  
 274   3  68 10904.908 10904.905   0.003  51.2  48.6   0.2   0.0  
 275   3  69 10911.552 10911.543   0.009  51.5  48.3   0.2   0.0  
 276   3  70 10918.275 10918.265   0.010  52.0  47.9   0.2   0.0  
 277   3  71 10925.054 10925.064  -0.010  52.6  47.2   0.2   0.0  
 278   3  98 11064.485 11064.471   0.014  84.1  15.8   0.1   0.0  
 279   3  99 11072.566 11072.578  -0.012  85.1  14.8   0.1   0.0  
 280   3 100 11080.718 11080.724  -0.006  85.9  14.1   0.1   0.0  
 281   3 101 11088.914 11088.920  -0.006  86.3  13.6   0.1   0.0  
 282   3 102 11097.169 11097.176  -0.007  86.6  13.4   0.1   0.0  
 283   3 103 11105.494 11105.502  -0.008  86.5  13.5   0.1   0.0  
 284   3 105 11122.432 11122.425   0.007  85.0  14.9   0.1   0.0  
 285   3 107 11139.884 11139.875   0.009  80.6  19.2   0.1   0.0  
 286   3 109 11142.629 11142.615   0.014  34.6  65.0   0.4   0.0  
 287   3 120 11249.486 11249.488  -0.002  93.2   6.8   0.0   0.0  
 288   3 121 11258.811 11258.811   0.000  93.7   6.2   0.0   0.0  
 289   3 122 11268.175 11268.179  -0.004  94.1   5.9   0.0   0.0  
 290   3 123 11277.594 11277.600  -0.006  94.3   5.6   0.0   0.0  
 291   3 124 11287.077 11287.082  -0.005  94.4   5.6   0.0   0.0  
 292   3 125 11296.629 11296.634  -0.005  94.2   5.8   0.0   0.0  
 293   3 126 11306.269 11306.273  -0.004  93.5   6.4   0.0   0.0  
 294   3 127 11316.030 11316.034  -0.004  91.8   8.1   0.1   0.0  
 295   3 128 11326.008 11326.015  -0.007  86.9  13.0   0.1   0.0  
 296   4  19 10785.260 10785.269  -0.009  63.0  37.0   0.0   0.0  
 297   4  50 10846.558 10846.557   0.001  66.5  33.5   0.1   0.0  
 298   4  51 10851.157 10851.170  -0.013  66.8  33.1   0.1   0.0  
 299   4  52 10855.861 10855.864  -0.003  67.2  32.7   0.1   0.0  
 300   4  53 10860.632 10860.638  -0.006  67.5  32.4   0.1   0.0  
 301   4  54 10865.485 10865.494  -0.009  67.8  32.1   0.1   0.0  
 302   4  55 10870.426 10870.432  -0.006  68.1  31.8   0.1   0.0  
 303   4  56 10875.440 10875.452  -0.012  68.3  31.6   0.1   0.0  
 304   4  79 10981.701 10981.702  -0.001  61.7  38.1   0.2   0.0  
 305   4  80 10988.999 10989.006  -0.007  63.1  36.7   0.2   0.0  
 306   4  81 10996.345 10996.353  -0.008  64.5  35.4   0.2   0.0  
 307   4  82 11003.733 11003.741  -0.008  65.8  34.0   0.2   0.0  
 308   4  83 11011.165 11011.172  -0.007  67.1  32.8   0.2   0.0  
 309   4  84 11018.635 11018.646  -0.011  68.3  31.6   0.2   0.0  
 310   4  85 11026.169 11026.166   0.003  69.3  30.5   0.1   0.0  
 311   4  99 11107.998 11107.985   0.013  46.1  53.6   0.3   0.0  
 312   4 135 11446.879 11446.879   0.000  90.2   9.5   0.3   0.0  
 313   4 136 11457.359 11457.370  -0.011  89.6  10.4   0.1   0.0  
 314   4 137 11467.990 11467.999  -0.009  87.5  12.4   0.1   0.0  
 315   4 138 11478.865 11478.871  -0.006  82.8  17.0   0.2   0.0  
 316   4 139 11490.210 11490.211  -0.001  72.3  27.4   0.3   0.0  
 317   5  13 10863.390 10863.406  -0.016  57.2  42.7   0.2   0.0  
 318   5  30 10855.011 10855.004   0.007  66.3  33.6   0.0   0.0  
 319   5  32 10860.707 10860.703   0.004  66.5  33.5   0.0   0.0  
 320   5  33 10863.686 10863.686   0.000  66.6  33.4   0.0   0.0  
 321   5  34 10866.760 10866.757   0.003  66.6  33.3   0.0   0.0  
 322   5  35 10869.915 10869.918  -0.003  66.7  33.3   0.0   0.0  
 323   5  36 10873.167 10873.167   0.000  66.7  33.2   0.0   0.0  
 324   5  37 10876.494 10876.505  -0.011  66.8  33.2   0.0   0.0  
 325   5  57 10962.436 10962.426   0.010  62.8  37.1   0.1   0.0  
 326   5  58 10967.732 10967.720   0.012  62.4  37.5   0.1   0.0  
 327   5  59 10973.114 10973.113   0.001  62.0  37.9   0.1   0.0  
 328   5  60 10978.611 10978.605   0.006  61.6  38.3   0.1   0.0  
 329   5  61 10984.203 10984.198   0.005  61.1  38.8   0.1   0.0  
 330   5  62 10989.898 10989.891   0.007  60.6  39.2   0.2   0.0  
 331   5  63 10995.703 10995.669   0.034  57.3  36.8   5.9   0.0  
 332   5  71 11004.816 11004.803   0.013  65.6  34.3   0.1   0.0  
 333   5  72 11011.266 11011.261   0.005  66.1  33.8   0.2   0.0  
 334   5  73 11017.795 11017.791   0.004  66.5  33.3   0.2   0.0  
 335   5  74 11024.402 11024.395   0.007  66.9  32.9   0.2   0.0  
 336   5  75 11031.079 11031.074   0.005  67.3  32.6   0.2   0.0  
 337   5  76 11037.831 11037.829   0.002  67.6  32.3   0.2   0.0  
 338   5  77 11044.663 11044.661   0.002  67.8  32.1   0.2   0.0  
 339   5  78 11051.575 11051.573   0.002  67.9  31.9   0.2   0.0  
 340   5  79 11058.569 11058.566   0.003  68.0  31.9   0.2   0.0  
 341   5  80 11065.646 11065.643   0.003  68.0  31.9   0.2   0.0  
 342   5  87 11117.778 11117.775   0.003  65.3  34.5   0.2   0.0  
 343   5  88 11125.629 11125.630  -0.001  64.6  35.2   0.2   0.0  
 344   5  89 11133.613 11133.572   0.041  57.4  31.1  11.4   0.1  
 345   5  90 11141.663 11141.671  -0.008  63.0  36.6   0.4   0.0  
 346   5  91 11149.862 11149.865  -0.003  62.2  37.5   0.3   0.0  
 347   5  92 11158.172 11158.175  -0.003  61.4  38.3   0.3   0.0  
 348   5  93 11166.603 11166.602   0.001  60.6  39.1   0.3   0.0  
 349   5 109 11271.960 11271.962  -0.002  69.1  30.6   0.3   0.0  
 350   5 122 11371.810 11371.824  -0.014  73.1  26.7   0.2   0.0  
 351   5 123 11382.170 11382.178  -0.008  74.4  25.3   0.2   0.0  
 352   5 124 11392.545 11392.547  -0.002  75.5  24.3   0.2   0.0  
 353   6 151 11754.880 11754.864   0.016  52.7  46.7   0.6   0.0  
 354   7  36 11000.430 11000.442  -0.012  82.1  17.8   0.1   0.0  
 355   7  49 11047.990 11047.998  -0.008  76.5  23.4   0.1   0.0  
 356   7 149 11762.030 11762.047  -0.017  69.2  29.9   0.9   0.0  
 357   8  83 11259.476 11259.463   0.013  51.0  46.1   2.9   0.0  
 358   8  86 11298.417 11298.398   0.019  46.9  50.7   2.4   0.0  
 359   8  87 11306.963 11306.954   0.009  43.1  53.6   3.2   0.1  
 360   8  88 11315.736 11315.728   0.008  39.7  55.8   4.3   0.1  
 361   8  89 11324.708 11324.710  -0.002  36.7  57.1   6.2   0.1  
 362   8  90 11333.872 11333.894  -0.022  33.7  56.9   9.3   0.1  
 363   8  91 11343.226 11343.282  -0.056  30.4  54.7  14.8   0.2  
 364   8 103 11420.106 11420.102   0.004  68.2  31.3   0.5   0.0  
 365   8 107 11457.080 11457.064   0.016  61.9  37.5   0.6   0.0  
 366   9  96 11408.540 11408.530   0.010  77.0  22.8   0.2   0.0  
 367   9  97 11416.608 11416.599   0.009  75.5  24.2   0.3   0.0  
 368   9  98 11424.826 11424.815   0.011  73.2  26.4   0.4   0.0  
 369   9  99 11420.375 11420.374   0.001  39.3  57.1   3.5   0.0  
 370   9  99 11433.232 11433.215   0.017  69.9  29.5   0.6   0.0  
 371   9 100 11430.257 11430.252   0.005  44.3  53.1   2.6   0.0  
 372   9 100 11441.871 11441.851   0.020  65.2  33.5   1.3   0.0  
 373   9 101 11440.001 11439.997   0.004  50.5  47.5   1.9   0.0  
 374   9 101 11450.844 11450.919  -0.075  35.6  20.7  43.2   0.5  
 375   9 102 11449.558 11449.557   0.001  57.5  41.0   1.5   0.0  
 376   9 102 11460.010 11459.999   0.011  52.8  46.7   0.5   0.0  
 377   9 103 11458.909 11458.911  -0.002  64.2  34.7   1.1   0.0  
 378   9 104 11468.088 11468.084   0.004  69.6  29.5   0.9   0.0  
 379   9 119 11579.790 11579.786   0.004  60.0  39.1   1.0   0.0  
 380   9 131 11707.510 11707.505   0.005  70.9  28.5   0.6   0.0  
 381  10  26 11134.950 11134.955  -0.005  73.0  27.0   0.0   0.0  
 382  10  27 11137.310 11137.316  -0.006  73.6  26.4   0.0   0.0  
 383  11  70 11358.006 11358.007  -0.001  79.9  20.0   0.1   0.0  
 384  11  78 11389.470 11389.478  -0.008  34.7  63.7   1.6   0.0  
 385  12   8 11234.668 11234.669  -0.001  79.0  20.9   0.0   0.0  
 386  12   9 11235.428 11235.422   0.006  78.7  21.3   0.0   0.0  
 387  12  10 11236.257 11236.261  -0.004  78.2  21.8   0.0   0.0  
 388  12  12 11238.201 11238.196   0.005  77.0  23.0   0.0   0.0  
 389  12  78 11389.470 11389.478  -0.008  34.7  63.7   1.6   0.0  
 390  13  60 11439.590 11439.584   0.006  54.6  45.2   0.2   0.0  
 391  13  76 11506.069 11506.075  -0.006  81.1  18.7   0.1   0.0  
 392  13  77 11512.409 11512.414  -0.005  80.9  19.0   0.1   0.0  
 393  13  78 11518.842 11518.847  -0.005  80.3  19.5   0.2   0.0  
 394  14  62 11496.670 11496.690  -0.020  80.3  19.6   0.1   0.0  
 395  14  66 11517.891 11517.891   0.000  77.4  22.4   0.1   0.0  
 396  14  67 11523.441 11523.447  -0.006  76.4  23.4   0.2   0.0  
 397  14  68 11529.109 11529.112  -0.003  75.3  24.6   0.2   0.0  
 398  14  76 11578.960 11578.962  -0.002  61.4  38.4   0.2   0.0  
 399  15  12 11428.396 11428.405  -0.009  53.0  47.0   0.0   0.0  
 400  15 131 12041.090 12041.089   0.001  57.8  40.2   1.9   0.0  
 401  18 105 11985.049 11985.055  -0.006  77.6  22.1   0.4   0.0  
 402  18 107 12002.494 12002.496  -0.002  72.1  27.4   0.5   0.0  
 403  21   9 11738.334 11738.329   0.005  77.0  23.0   0.0   0.0  
 404  21  10 11739.155 11739.153   0.002  77.2  22.8   0.0   0.0  
 405  21  12 11741.035 11741.043  -0.008  77.7  22.3   0.0   0.0  
 406  21  14 11743.259 11743.257   0.002  78.3  21.7   0.0   0.0  
 407  21  55 11857.697 11857.697   0.000  70.3  28.7   1.0   0.0  
 408  21  56 11850.180 11850.182  -0.002  40.0  59.7   0.4   0.0  
 409  21  56 11862.466 11862.462   0.004  64.9  31.9   3.2   0.0  
 410  21  57 11855.703 11855.706  -0.003  45.2  54.5   0.3   0.0  
 411  21  58 11861.194 11861.195  -0.001  51.0  48.7   0.3   0.0  
 412  21  58 11872.402 11872.413  -0.011  53.5  42.6   3.9   0.0  
 413  21  59 11866.632 11866.633  -0.001  57.1  42.6   0.3   0.0  
 414  21  59 11877.798 11877.804  -0.006  49.6  49.5   0.9   0.0  
 415  21  60 11872.008 11872.010  -0.002  63.1  36.6   0.3   0.0  
 416  21  60 11883.401 11883.406  -0.005  44.3  55.3   0.4   0.0  
 417  21  61 11889.227 11889.229  -0.002  39.4  60.3   0.3   0.0  
 418  21  62 11895.262 11895.262   0.000  35.3  64.5   0.2   0.0  
 419  22   5 11800.242 11800.237   0.005  82.7  17.3   0.0   0.0  
 420  22   6 11800.724 11800.722   0.002  82.6  17.4   0.0   0.0  
 421  22   7 11801.289 11801.288   0.001  82.5  17.5   0.0   0.0  
 422  22   8 11801.937 11801.935   0.002  82.4  17.6   0.0   0.0  
 423  22   9 11802.667 11802.663   0.004  82.3  17.7   0.0   0.0  
 424  22  10 11803.472 11803.473  -0.001  82.2  17.8   0.0   0.0  
 425  22  12 11805.343 11805.337   0.006  81.9  18.1   0.0   0.0  
 426  22  57 11918.672 11918.678  -0.006  83.8  16.1   0.1   0.0  
 427  22  58 11923.227 11923.228  -0.001  84.1  15.8   0.1   0.0  
 428  22  59 11927.846 11927.849  -0.003  84.2  15.7   0.1   0.0  
 429  22  60 11932.544 11932.546  -0.002  84.3  15.6   0.1   0.0  
 430  22  61 11937.316 11937.319  -0.003  84.2  15.7   0.1   0.0  
 431  22  62 11942.170 11942.172  -0.002  84.1  15.9   0.1   0.0  
 432  22  63 11947.104 11947.107  -0.003  83.8  16.1   0.1   0.0  
 433  22  64 11952.124 11952.127  -0.003  83.4  16.5   0.1   0.0  
 434  22  65 11957.231 11957.235  -0.004  82.9  17.0   0.1   0.0  
 435  22  66 11962.431 11962.435  -0.004  82.2  17.7   0.1   0.0  
 436  22  67 11967.729 11967.731  -0.002  81.4  18.5   0.1   0.0  
 437  22  68 11973.123 11973.128  -0.005  80.4  19.5   0.1   0.0  
 438  22  69 11978.628 11978.631  -0.003  79.3  20.6   0.1   0.0  
 439  22  70 11984.243 11984.246  -0.003  77.9  22.0   0.1   0.0  
 440  22  72 11963.076 11963.072   0.004  33.0  66.8   0.2   0.0  
 441  22  73 11970.281 11970.279   0.002  35.2  64.6   0.2   0.0  
 442  22  74 11977.515 11977.513   0.002  37.8  62.0   0.2   0.0  
 443  22  75 11984.763 11984.760   0.003  40.7  59.1   0.2   0.0  
 444  22  76 11992.011 11992.009   0.002  43.9  55.9   0.2   0.0  
 445  22  77 11999.249 11999.247   0.002  47.5  52.4   0.2   0.0  
 446  22  78 12006.467 12006.464   0.003  51.2  48.7   0.2   0.0  
 447  22  79 12013.651 12013.651   0.000  55.1  44.8   0.1   0.0  
 448  23  12 11876.648 11876.661  -0.013  53.6  46.4   0.0   0.0  
 449  23  23 11862.369 11862.383  -0.014  65.0  34.9   0.0   0.0  
 450  23  24 11864.459 11864.461  -0.002  66.0  34.0   0.0   0.0  
 451  23  25 11866.613 11866.617  -0.004  66.9  33.1   0.0   0.0  
 452  23  26 11868.846 11868.849  -0.003  67.9  32.1   0.0   0.0  
 453  23  27 11871.152 11871.155  -0.003  68.9  31.1   0.0   0.0  
 454  23  28 11873.532 11873.536  -0.004  69.9  30.1   0.0   0.0  
 455  23  29 11875.987 11875.989  -0.002  70.9  29.1   0.0   0.0  
 456  23  30 11878.516 11878.515   0.001  71.9  28.1   0.0   0.0  
 457  23  31 11881.106 11881.112  -0.006  72.9  27.1   0.0   0.0  
 458  23  32 11883.779 11883.780  -0.001  73.8  26.1   0.0   0.0  
 459  23  33 11886.521 11886.518   0.003  74.8  25.2   0.0   0.0  
 460  23  34 11889.320 11889.325  -0.005  75.8  24.2   0.0   0.0  
 461  23  35 11892.197 11892.200  -0.003  76.7  23.3   0.0   0.0  
 462  23  36 11895.142 11895.144  -0.002  77.6  22.3   0.0   0.0  
 463  23  37 11898.156 11898.155   0.001  78.5  21.4   0.0   0.0  
 464  23  38 11901.226 11901.234  -0.008  79.4  20.6   0.0   0.0  
 465  23  41 11910.877 11910.870   0.007  81.8  18.1   0.0   0.0  
 466  23  42 11914.217 11914.216   0.001  82.6  17.4   0.0   0.0  
 467  23  43 11917.632 11917.627   0.005  83.3  16.7   0.0   0.0  
 468  23  45 11924.653 11924.649   0.004  84.6  15.4   0.0   0.0  
 469  23  47 11931.938 11931.936   0.002  85.8  14.2   0.0   0.0  
 470  23  48 11935.682 11935.680   0.002  86.3  13.7   0.0   0.0  
 471  23  49 11939.493 11939.491   0.002  86.8  13.2   0.0   0.0  
 472  23  50 11943.370 11943.368   0.002  87.2  12.7   0.0   0.0  
 473  23  51 11947.316 11947.313   0.003  87.6  12.3   0.0   0.0  
 474  23  52 11951.327 11951.326   0.001  88.0  11.9   0.0   0.0  
 475  23  53 11955.408 11955.407   0.001  88.4  11.6   0.0   0.0  
 476  23  54 11959.560 11959.556   0.004  88.7  11.3   0.1   0.0  
 477  23  55 11963.778 11963.774   0.004  89.0  11.0   0.1   0.0  
 478  23  56 11968.064 11968.062   0.002  89.2  10.7   0.1   0.0  
 479  23  57 11972.423 11972.419   0.004  89.4  10.5   0.1   0.0  
 480  23  58 11976.849 11976.848   0.001  89.5  10.3   0.2   0.0  
 481  23  59 11981.348 11981.348   0.000  89.3  10.2   0.2   0.3  
 482  23  60 11985.927 11985.923   0.004  89.5  10.2   0.3   0.0  
 483  23  61 11990.583 11990.576   0.007  89.2  10.2   0.6   0.0  
 484  23  62 11995.321 11995.314   0.007  88.5  10.3   1.2   0.0  
 485  23  63 12000.165 12000.162   0.003  86.0  10.4   3.6   0.0  
 486  24  16 11920.175 11920.170   0.005  83.7  16.3   0.0   0.0  
 487  24  17 11921.531 11921.526   0.005  83.8  16.2   0.0   0.0  
 488  24  18 11922.961 11922.962  -0.001  83.9  16.1   0.0   0.0  
 489  24  19 11924.481 11924.476   0.005  83.9  16.1   0.0   0.0  
 490  24  20 11926.071 11926.070   0.001  84.0  16.0   0.0   0.0  
 491  24  21 11927.747 11927.742   0.005  84.0  16.0   0.0   0.0  
 492  24  22 11929.495 11929.494   0.001  84.0  16.0   0.0   0.0  
 493  24  23 11931.325 11931.325   0.000  84.0  16.0   0.0   0.0  
 494  24  24 11933.238 11933.236   0.002  83.9  16.1   0.0   0.0  
 495  24  25 11935.231 11935.226   0.005  83.9  16.1   0.0   0.0  
 496  24  26 11937.300 11937.297   0.003  83.8  16.2   0.0   0.0  
 497  24  27 11939.451 11939.448   0.003  83.6  16.4   0.0   0.0  
 498  24  28 11941.683 11941.680   0.003  83.4  16.5   0.0   0.0  
 499  24  29 11943.998 11943.994   0.004  83.2  16.8   0.0   0.0  
 500  24  30 11946.392 11946.390   0.002  82.9  17.0   0.0   0.0  
 501  24  31 11948.875 11948.869   0.006  82.6  17.4   0.0   0.0  
 502  24  32 11951.435 11951.433   0.002  82.2  17.7   0.0   0.0  
 503  24  33 11954.089 11954.081   0.008  81.8  18.2   0.0   0.0  
 504  24  34 11956.821 11956.816   0.005  81.3  18.7   0.0   0.0  
 505  24  35 11959.642 11959.638   0.004  80.7  19.3   0.0   0.0  
 506  24  36 11962.548 11962.550  -0.002  80.0  20.0   0.0   0.0  
 507  24  37 11965.555 11965.553   0.002  79.2  20.8   0.0   0.0  
 508  24  38 11968.645 11968.650  -0.005  78.3  21.7   0.0   0.0  
 509  24  39 11971.840 11971.842  -0.002  77.3  22.7   0.0   0.0  
 510  24  40 11975.123 11975.132  -0.009  76.2  23.8   0.1   0.0  
 511  24  41 11978.522 11978.524  -0.002  74.9  25.1   0.1   0.0  
 512  24  42 11982.018 11982.021  -0.003  73.4  26.5   0.1   0.0  
 513  24  43 11985.625 11985.627  -0.002  71.8  28.1   0.1   0.0  
 514  24  45 11993.183 11993.181   0.002  68.1  31.8   0.1   0.0  
 515  24  47 12001.213 12001.223  -0.010  63.6  36.2   0.1   0.0  
 516  24  54 12033.763 12033.772  -0.009  43.9  55.7   0.3   0.0  
 517  24  55 12039.025 12039.028  -0.003  41.1  58.5   0.4   0.0  
 518  24  56 12044.436 12044.440  -0.004  38.3  61.2   0.5   0.0  
 519  24  57 12050.002 12050.006  -0.004  35.7  63.7   0.6   0.0  
 520  24  58 12055.720 12055.726  -0.006  33.3  66.0   0.7   0.0  
 521  24  59 12061.591 12061.595  -0.004  31.0  68.1   0.9   0.0  
 522  24  60 12067.609 12067.613  -0.004  29.0  69.9   1.1   0.0  
 523  24  61 12073.769 12073.775  -0.006  27.1  71.4   1.5   0.0  
 524  24  62 12080.072 12080.078  -0.006  25.4  72.4   2.3   0.0  
 525  25  12 11979.027 11979.029  -0.002  76.8  23.2   0.0   0.0  
 526  25  14 11981.231 11981.234  -0.003  76.1  23.9   0.0   0.0  
 527  25  15 11982.457 11982.461  -0.004  75.7  24.3   0.0   0.0  
 528  25  16 11983.772 11983.774  -0.002  75.3  24.7   0.0   0.0  
 529  25  17 11985.168 11985.171  -0.003  74.8  25.2   0.0   0.0  
 530  25  18 11986.653 11986.654  -0.001  74.2  25.8   0.0   0.0  
 531  25  19 11988.224 11988.224   0.000  73.7  26.3   0.0   0.0  
 532  25  20 11989.876 11989.880  -0.004  73.0  27.0   0.0   0.0  
 533  25  21 11991.622 11991.625  -0.003  72.4  27.6   0.0   0.0  
 534  25  22 11993.458 11993.459  -0.001  71.6  28.4   0.0   0.0  
 535  25  23 11995.379 11995.382  -0.003  70.8  29.1   0.0   0.0  
 536  25  24 11997.396 11997.397  -0.001  70.0  30.0   0.0   0.0  
 537  25  25 11999.501 11999.504  -0.003  69.1  30.9   0.0   0.0  
 538  25  26 12001.698 12001.704  -0.006  68.2  31.8   0.0   0.0  
 539  25  40 12012.728 12012.729  -0.001  61.6  38.3   0.0   0.0  
 540  25  41 12016.308 12016.308   0.000  63.4  36.5   0.0   0.0  
 541  25  42 12019.941 12019.943  -0.002  65.2  34.7   0.0   0.0  
 542  25  43 12023.630 12023.633  -0.003  67.0  33.0   0.0   0.0  
 543  25  45 12031.174 12031.175  -0.001  70.4  29.5   0.0   0.0  
 544  25  47 12038.928 12038.927   0.001  73.7  26.3   0.0   0.0  
 545  25  48 12042.882 12042.882   0.000  75.2  24.8   0.0   0.0  
 546  25  49 12046.890 12046.889   0.001  76.6  23.3   0.0   0.0  
 547  25  50 12050.951 12050.949   0.002  78.0  22.0   0.0   0.0  
 548  25  51 12055.062 12055.062   0.000  79.3  20.7   0.0   0.0  
 549  25  52 12059.231 12059.229   0.002  80.5  19.5   0.0   0.0  
 550  25  53 12063.455 12063.451   0.004  81.6  18.4   0.0   0.0  
 551  25  58 12085.421 12085.414   0.007  85.8  14.1   0.0   0.0  
 552  25  59 12089.985 12089.985   0.000  86.4  13.5   0.0   0.0  
 553  25  60 12094.617 12094.618  -0.001  87.0  13.0   0.0   0.0  
 554  25  61 12099.321 12099.315   0.006  87.4  12.5   0.0   0.0  
 555  25  62 12104.078 12104.078   0.000  87.8  12.1   0.1   0.0  
 556  25  63 12108.909 12108.909   0.000  88.1  11.8   0.1   0.0  
 557  25  64 12113.808 12113.810  -0.002  88.2  11.7   0.1   0.0  
 558  25  65 12118.782 12118.784  -0.002  88.3  11.6   0.1   0.0  
 559  25  67 12128.971 12128.971   0.000  87.7  12.0   0.3   0.1  
 560  25  69 12139.535 12139.535   0.000  85.5  13.8   0.6   0.0  
 561  25  70 12145.007 12145.006   0.001  83.0  15.9   1.2   0.0  
 562  25  78 12187.411 12187.411   0.000  84.7  14.9   0.4   0.0  
 563  25  79 12193.454 12193.455  -0.001  86.3  13.4   0.3   0.0  
 564  25  80 12199.532 12199.537  -0.005  87.2  12.5   0.3   0.0  
 565  25  81 12205.665 12205.670  -0.005  87.7  12.0   0.3   0.0  
 566  25  82 12211.861 12211.865  -0.004  88.0  11.8   0.2   0.0  
 567  25  83 12218.126 12218.131  -0.005  88.0  11.8   0.2   0.0  
 568  25  84 12224.467 12224.472  -0.005  87.9  11.9   0.2   0.0  
 569  25  85 12230.887 12230.894  -0.007  87.5  12.2   0.2   0.0  
 570  25  86 12237.393 12237.402  -0.009  87.1  12.7   0.2   0.0  
 571  25  87 12243.999 12244.001  -0.002  86.5  13.3   0.2   0.0  
 572  25  88 12250.691 12250.697  -0.006  85.7  14.1   0.2   0.0  
 573  26  14 12026.410 12026.402   0.008  71.1  28.9   0.0   0.0  
 574  26  15 12027.677 12027.668   0.009  72.2  27.8   0.0   0.0  
 575  26  16 12029.023 12029.012   0.011  73.2  26.8   0.0   0.0  
 576  26  17 12030.441 12030.431   0.010  74.2  25.7   0.0   0.0  
 577  26  18 12031.929 12031.927   0.002  75.3  24.7   0.0   0.0  
 578  26  19 12033.497 12033.497   0.000  76.3  23.7   0.0   0.0  
 579  26  20 12035.147 12035.141   0.006  77.3  22.7   0.0   0.0  
 580  26  21 12036.865 12036.859   0.006  78.2  21.7   0.0   0.0  
 581  26  22 12038.656 12038.650   0.006  79.2  20.8   0.0   0.0  
 582  26  23 12040.517 12040.513   0.004  80.0  20.0   0.0   0.0  
 583  26  24 12042.454 12042.448   0.006  80.8  19.2   0.0   0.0  
 584  26  25 12044.461 12044.456   0.005  81.6  18.4   0.0   0.0  
 585  26  26 12046.541 12046.535   0.006  82.3  17.7   0.0   0.0  
 586  26  27 12048.691 12048.687   0.004  82.9  17.1   0.0   0.0  
 587  26  28 12050.917 12050.910   0.007  83.5  16.5   0.0   0.0  
 588  26  29 12053.213 12053.206   0.007  84.0  16.0   0.0   0.0  
 589  26  30 12055.578 12055.574   0.004  84.4  15.6   0.0   0.0  
 590  26  31 12058.020 12058.016   0.004  84.8  15.2   0.0   0.0  
 591  26  32 12060.534 12060.530   0.004  85.1  14.8   0.0   0.0  
 592  26  33 12063.123 12063.118   0.005  85.4  14.6   0.0   0.0  
 593  26  34 12065.784 12065.781   0.003  85.6  14.4   0.0   0.0  
 594  26  35 12068.519 12068.518   0.001  85.7  14.2   0.0   0.0  
 595  26  36 12071.333 12071.331   0.002  85.8  14.2   0.0   0.0  
 596  26  37 12074.222 12074.220   0.002  85.8  14.1   0.0   0.0  
 597  26  38 12077.187 12077.186   0.001  85.8  14.2   0.0   0.0  
 598  26  39 12080.232 12080.230   0.002  85.7  14.3   0.0   0.0  
 599  26  40 12083.355 12083.353   0.002  85.5  14.4   0.0   0.0  
 600  26  41 12086.558 12086.557   0.001  85.3  14.6   0.0   0.0  
 601  26  42 12089.847 12089.841   0.006  85.0  14.9   0.0   0.0  
 602  26  43 12093.213 12093.209   0.004  84.7  15.3   0.0   0.0  
 603  26  45 12100.201 12100.198   0.003  83.7  16.3   0.0   0.0  
 604  26  47 12107.547 12107.540   0.007  82.3  17.6   0.1   0.0  
 605  26  48 12111.356 12111.349   0.007  81.5  18.5   0.1   0.0  
 606  26  49 12115.256 12115.254   0.002  80.5  19.4   0.1   0.0  
 607  26  50 12119.260 12119.257   0.003  79.4  20.5   0.1   0.0  
 608  26  51 12123.366 12123.363   0.003  78.2  21.8   0.1   0.0  
 609  26  52 12127.579 12127.576   0.003  76.8  23.2   0.1   0.0  
 610  26  53 12131.901 12131.900   0.001  75.2  24.7   0.1   0.0  
 611  26  54 12136.340 12136.340   0.000  73.4  26.5   0.1   0.0  
 612  26  55 12140.903 12140.902   0.001  71.4  28.5   0.1   0.0  
 613  26  56 12145.594 12145.592   0.002  69.2  30.7   0.1   0.0  
 614  26  63 12182.516 12182.518  -0.002  49.0  50.7   0.3   0.0  
 615  26  64 12160.186 12160.187  -0.001  62.4  37.4   0.2   0.0  
 616  26  64 12188.434 12188.440  -0.006  45.9  53.8   0.3   0.0  
 617  26  65 12165.744 12165.739   0.005  65.2  34.7   0.1   0.0  
 618  26  65 12194.524 12194.530  -0.006  42.9  56.8   0.3   0.0  
 619  26  66 12171.305 12171.303   0.002  67.8  32.0   0.1   0.0  
 620  26  67 12176.884 12176.881   0.003  70.4  29.5   0.1   0.0  
 621  26  67 12207.196 12207.209  -0.013  37.3  62.2   0.4   0.0  
 622  26  69 12188.087 12188.087   0.000  74.9  25.0   0.1   0.0  
 623  26  70 12193.721 12193.721   0.000  76.8  23.1   0.1   0.0  
 624  26  71 12199.380 12199.381  -0.001  78.6  21.3   0.1   0.0  
 625  26  71 12234.430 12234.428   0.002  29.6  69.4   1.1   0.0  
 626  26  72 12205.071 12205.071   0.000  80.1  19.8   0.1   0.0  
 627  26  72 12241.582 12241.579   0.003  28.2  69.1   2.7   0.0  
 628  26  73 12210.799 12210.797   0.002  81.5  18.4   0.1   0.0  
 629  26  73 12248.811 12248.807   0.004  25.1  66.7   8.2   0.0  
 630  26  74 12216.566 12216.561   0.005  82.7  17.2   0.1   0.0  
 631  26  75 12222.363 12222.368  -0.005  83.7  16.2   0.1   0.0  
 632  26  76 12228.222 12228.223  -0.001  84.5  15.4   0.1   0.0  
 633  26  77 12234.126 12234.128  -0.002  85.2  14.7   0.1   0.0  
 634  26  78 12240.088 12240.089  -0.001  85.7  14.2   0.1   0.0  
 635  26  79 12246.104 12246.109  -0.005  86.1  13.8   0.1   0.0  
 636  26  80 12252.190 12252.192  -0.002  86.3  13.6   0.1   0.0  
 637  26  81 12258.339 12258.344  -0.005  86.4  13.5   0.1   0.0  
 638  26  82 12264.570 12264.568   0.002  86.2  13.6   0.1   0.0  
 639  26  83 12270.865 12270.872  -0.007  85.9  14.0   0.1   0.0  
 640  26  84 12277.259 12277.264  -0.005  85.3  14.6   0.2   0.0  
 641  26  85 12283.752 12283.753  -0.001  84.3  15.5   0.2   0.0  
 642  26  86 12268.318 12268.308   0.010  21.3  77.9   0.7   0.0  
 643  26  86 12290.353 12290.354  -0.001  82.9  16.8   0.3   0.0  
 644  26  87 12297.090 12297.086   0.004  80.8  18.8   0.4   0.0  
 645  26  88 12303.980 12303.976   0.004  77.8  21.5   0.7   0.0  
 646  26  92 12320.864 12320.868  -0.004  52.8  46.7   0.5   0.0  
 647  26  93 12329.066 12329.072  -0.006  61.4  38.1   0.4   0.0  
 648  26  94 12337.041 12337.049  -0.008  69.0  30.6   0.4   0.0  
 649  26  95 12344.834 12344.844  -0.010  74.9  24.8   0.3   0.0  
 650  26  96 12352.508 12352.520  -0.012  79.1  20.6   0.3   0.0  
 651  26 110 12466.230 12466.234  -0.004  62.1  37.1   0.6   0.2  
 652  27  21 12096.941 12096.945  -0.004  85.3  14.6   0.0   0.0  
 653  27  22 12098.655 12098.652   0.003  85.1  14.8   0.0   0.0  
 654  27  23 12100.435 12100.438  -0.003  84.9  15.1   0.0   0.0  
 655  27  24 12102.303 12102.303   0.000  84.7  15.3   0.0   0.0  
 656  27  25 12104.246 12104.249  -0.003  84.4  15.6   0.0   0.0  
 657  27  26 12106.273 12106.275  -0.002  84.1  15.9   0.0   0.0  
 658  27  27 12108.379 12108.382  -0.003  83.7  16.2   0.0   0.0  
 659  27  28 12110.570 12110.570   0.000  83.4  16.6   0.0   0.0  
 660  27  29 12112.841 12112.841   0.000  82.9  17.0   0.0   0.0  
 661  27  30 12115.194 12115.195  -0.001  82.5  17.5   0.0   0.0  
 662  27  31 12117.632 12117.634  -0.002  82.0  18.0   0.0   0.0  
 663  27  32 12120.156 12120.157  -0.001  81.4  18.6   0.0   0.0  
 664  27  33 12122.765 12122.766  -0.001  80.8  19.2   0.0   0.0  
 665  27  34 12089.202 12089.205  -0.003  28.3  71.6   0.1   0.0  
 666  27  34 12125.461 12125.463  -0.002  80.1  19.9   0.0   0.0  
 667  27  35 12092.723 12092.724  -0.001  28.8  71.1   0.1   0.0  
 668  27  35 12128.247 12128.248  -0.001  79.3  20.7   0.0   0.0  
 669  27  36 12096.333 12096.334  -0.001  29.5  70.5   0.1   0.0  
 670  27  36 12131.121 12131.124  -0.003  78.5  21.5   0.0   0.0  
 671  27  37 12100.069 12100.035   0.034  30.2  69.7   0.1   0.0  
 672  27  37 12134.086 12134.092  -0.006  77.5  22.4   0.0   0.0  
 673  27  38 12103.819 12103.822  -0.003  31.1  68.8   0.1   0.0  
 674  27  38 12137.149 12137.154  -0.005  76.5  23.4   0.0   0.0  
 675  27  39 12107.691 12107.694  -0.003  32.2  67.8   0.1   0.0  
 676  27  39 12140.310 12140.312  -0.002  75.4  24.5   0.0   0.0  
 677  27  40 12111.644 12111.648  -0.004  33.3  66.6   0.1   0.0  
 678  27  40 12143.565 12143.569  -0.004  74.2  25.8   0.0   0.0  
 679  27  41 12115.677 12115.679  -0.002  34.6  65.3   0.1   0.0  
 680  27  41 12146.926 12146.928  -0.002  72.8  27.1   0.1   0.0  
 681  27  42 12119.782 12119.785  -0.003  36.1  63.8   0.1   0.0  
 682  27  42 12150.384 12150.390  -0.006  71.4  28.6   0.1   0.0  
 683  27  43 12123.962 12123.962   0.000  37.7  62.2   0.1   0.0  
 684  27  43 12153.951 12153.960  -0.009  69.8  30.1   0.1   0.0  
 685  27  45 12132.516 12132.511   0.005  41.5  58.5   0.1   0.0  
 686  27  56 12182.816 12182.817  -0.001  68.8  31.2   0.0   0.0  
 687  27  57 12187.588 12187.588   0.000  71.0  28.9   0.0   0.0  
 688  27  58 12192.388 12192.390  -0.002  73.2  26.8   0.0   0.0  
 689  27  59 12197.224 12197.225  -0.001  75.1  24.8   0.0   0.0  
 690  27  60 12202.096 12202.095   0.001  76.9  23.0   0.0   0.0  
 691  27  61 12207.004 12207.004   0.000  78.6  21.4   0.0   0.0  
 692  27  62 12211.952 12211.953  -0.001  80.0  20.0   0.0   0.0  
 693  27  63 12216.943 12216.945  -0.002  81.3  18.7   0.0   0.0  
 694  27  64 12221.986 12221.985   0.001  82.4  17.6   0.0   0.0  
 695  27  65 12227.076 12227.076   0.000  83.3  16.6   0.0   0.0  
 696  27  66 12232.219 12232.220  -0.001  84.1  15.8   0.0   0.0  
 697  27  67 12237.421 12237.421   0.000  84.8  15.2   0.0   0.0  
 698  27  68 12242.684 12242.684   0.000  85.2  14.7   0.1   0.0  
 699  27  69 12248.014 12248.012   0.002  85.5  14.4   0.1   0.0  
 700  27  70 12253.410 12253.411  -0.001  85.6  14.3   0.1   0.0  
 701  27  71 12258.885 12258.887  -0.002  85.5  14.4   0.1   0.0  
 702  27  72 12264.443 12264.446  -0.003  85.1  14.8   0.1   0.0  
 703  27  73 12270.094 12270.097  -0.003  84.4  15.5   0.1   0.0  
 704  27  74 12275.849 12275.853  -0.004  83.2  16.6   0.2   0.0  
 705  27  75 12281.724 12281.730  -0.006  81.5  18.2   0.3   0.0  
 706  27  76 12287.753 12287.742   0.011  78.4  20.4   0.3   0.9  
 707  27  77 12293.928 12293.935  -0.007  75.5  23.9   0.6   0.0  
 708  27  78 12300.329 12300.335  -0.006  70.7  28.4   0.9   0.0  
 709  27  79 12293.656 12293.652   0.004  42.3  57.2   0.5   0.0  
 710  27  79 12306.984 12306.993  -0.009  64.4  34.1   1.5   0.0  
 711  27  80 12301.006 12301.000   0.006  49.0  50.5   0.6   0.0  
 712  27  80 12313.959 12313.958   0.001  56.7  40.6   2.6   0.0  
 713  27  81 12308.208 12308.202   0.006  56.4  43.0   0.5   0.0  
 714  27  81 12321.276 12321.276   0.000  48.0  46.9   5.1   0.1  
 715  27  82 12315.250 12315.247   0.003  63.6  35.9   0.5   0.0  
 716  27  82 12328.974 12328.979  -0.005  38.3  50.2  11.4   0.1  
 717  27  83 12322.155 12322.151   0.004  69.9  29.7   0.5   0.0  
 718  27  83 12337.110 12337.122  -0.012  26.1  43.7  30.0   0.3  
 719  27  84 12328.950 12328.949   0.001  74.9  24.7   0.4   0.0  
 720  28   8 12135.250 12135.253  -0.003  86.3  13.7   0.0   0.0  
 721  28  10 12136.728 12136.717   0.011  86.0  14.0   0.0   0.0  
 722  28  12 12138.495 12138.493   0.002  85.5  14.5   0.0   0.0  
 723  28  14 12140.573 12140.583  -0.010  84.8  15.1   0.0   0.0  
 724  28  15 12141.753 12141.747   0.006  84.4  15.5   0.0   0.0  
 725  28  16 12143.008 12142.991   0.017  84.0  16.0   0.1   0.0  
 726  28  19 12147.214 12147.215  -0.001  81.9  17.9   0.2   0.0  
 727  28  20 12148.794 12148.791   0.003  80.9  18.8   0.3   0.0  
 728  28  21 12150.457 12150.456   0.001  79.6  19.9   0.5   0.0  
 729  28  22 12152.212 12152.212   0.000  77.9  21.1   1.1   0.0  
 730  28  23 12154.070 12154.070   0.000  74.7  22.1   3.3   0.0  
 731  28  24 12156.086 12156.085   0.001  55.9  18.1  26.0   0.0  
 732  28  25 12157.955 12157.956  -0.001  66.3  25.0   8.7   0.0  
 733  28  26 12160.131 12160.134  -0.003  68.5  29.5   2.0   0.0  
 734  28  27 12162.406 12162.405   0.001  66.1  33.0   0.9   0.0  
 735  28  28 12164.790 12164.795  -0.005  62.6  37.0   0.5   0.0  
 736  28  29 12167.311 12167.315  -0.004  58.3  41.4   0.3   0.0  
 737  28  30 12162.413 12162.415  -0.002  52.1  47.8   0.1   0.0  
 738  28  30 12169.973 12169.975  -0.002  53.6  46.2   0.2   0.0  
 739  28  31 12165.225 12165.225   0.000  57.2  42.7   0.1   0.0  
 740  28  31 12172.781 12172.785  -0.004  48.6  51.2   0.2   0.0  
 741  28  32 12168.061 12168.060   0.001  62.3  37.6   0.1   0.0  
 742  28  32 12175.747 12175.749  -0.002  43.7  56.2   0.1   0.0  
 743  28  33 12170.915 12170.915   0.000  67.1  32.8   0.1   0.0  
 744  28  33 12178.864 12178.871  -0.007  39.1  60.8   0.1   0.0  
 745  28  34 12173.798 12173.793   0.005  71.4  28.5   0.1   0.0  
 746  28  34 12182.142 12182.148  -0.006  34.9  65.0   0.1   0.0  
 747  28  35 12176.693 12176.696  -0.003  75.1  24.8   0.1   0.0  
 748  28  35 12185.573 12185.576  -0.003  31.4  68.5   0.1   0.0  
 749  28  36 12179.631 12179.631   0.000  78.2  21.8   0.1   0.0  
 750  28  39 12188.697 12188.688   0.009  84.2  15.8   0.1   0.0  
 751  28  40 12191.827 12191.809   0.018  85.4  14.6   0.1   0.0  
 752  28  41 12194.988 12194.989  -0.001  86.3  13.6   0.1   0.0  
 753  28  42 12198.233 12198.230   0.003  87.0  13.0   0.1   0.0  
 754  28  43 12201.536 12201.536   0.000  87.5  12.4   0.1   0.0  
 755  28  45 12208.354 12208.352   0.002  88.1  11.8   0.1   0.0  
 756  28  47 12215.453 12215.453   0.000  88.3  11.7   0.1   0.0  
 757  28  48 12219.114 12219.114   0.000  88.2  11.7   0.1   0.0  
 758  28  49 12222.855 12222.852   0.003  88.1  11.8   0.1   0.0  
 759  28  50 12226.669 12226.667   0.002  87.9  12.1   0.1   0.0  
 760  28  51 12230.562 12230.562   0.000  87.6  12.3   0.1   0.0  
 761  28  52 12234.540 12234.538   0.002  87.3  12.7   0.1   0.0  
 762  28  53 12238.596 12238.597  -0.001  86.8  13.1   0.1   0.0  
 763  28  54 12242.741 12242.741   0.000  86.3  13.6   0.1   0.0  
 764  28  55 12246.974 12246.973   0.001  85.7  14.2   0.1   0.0  
 765  28  56 12251.294 12251.294   0.000  85.0  15.0   0.1   0.0  
 766  28  57 12255.707 12255.708  -0.001  84.1  15.8   0.1   0.0  
 767  28  58 12260.217 12260.218  -0.001  83.2  16.7   0.1   0.0  
 768  28  59 12264.825 12264.828  -0.003  82.1  17.8   0.1   0.0  
 769  28  60 12269.531 12269.541  -0.010  80.9  19.0   0.1   0.0  
 770  28  61 12274.365 12274.363   0.002  79.4  20.4   0.1   0.0  
 771  28  62 12279.295 12279.299  -0.004  77.8  22.0   0.1   0.0  
 772  28  63 12284.356 12284.355   0.001  76.0  23.8   0.1   0.0  
 773  28  64 12289.533 12289.538  -0.005  74.0  25.9   0.1   0.0  
 774  28  65 12294.856 12294.854   0.002  71.7  28.1   0.1   0.0  
 775  28  67 12305.924 12305.921   0.003  66.4  33.4   0.2   0.0  
 776  28  69 12317.623 12317.619   0.004  60.3  39.5   0.2   0.0  
 777  28  70 12323.729 12323.724   0.005  57.0  42.8   0.2   0.0  
 778  28  71 12330.012 12330.007   0.005  53.6  46.2   0.2   0.0  
 779  28  86 12395.474 12395.472   0.002  87.2  12.7   0.1   0.0  
 780  28  87 12401.990 12401.990   0.000  87.8  12.1   0.1   0.0  
 781  28  88 12408.562 12408.562   0.000  88.3  11.6   0.1   0.0  
 782  28  89 12415.192 12415.193  -0.001  88.5  11.3   0.1   0.0  
 783  28  90 12421.889 12421.887   0.002  88.6  11.2   0.2   0.0  
 784  28  91 12428.652 12428.652   0.000  88.3  11.2   0.3   0.2  
 785  28  92 12435.495 12435.494   0.001  88.0  11.6   0.4   0.0  
 786  28  93 12442.439 12442.435   0.004  86.9  12.3   0.8   0.0  
 787  29  10 12189.703 12189.701   0.002  81.5  18.5   0.0   0.0  
 788  29  12 12191.506 12191.506   0.000  82.0  18.0   0.0   0.0  
 789  29  14 12193.618 12193.619  -0.001  82.6  17.4   0.0   0.0  
 790  29  15 12194.791 12194.791   0.000  82.9  17.1   0.0   0.0  
 791  29  16 12196.038 12196.038   0.000  83.2  16.8   0.0   0.0  
 792  29  17 12197.361 12197.361   0.000  83.5  16.5   0.0   0.0  
 793  29  18 12198.760 12198.760   0.000  83.8  16.2   0.0   0.0  
 794  29  19 12200.234 12200.234   0.000  84.1  15.9   0.0   0.0  
 795  29  20 12201.784 12201.783   0.001  84.4  15.6   0.0   0.0  
 796  29  21 12203.409 12203.408   0.001  84.7  15.3   0.0   0.0  
 797  29  22 12205.108 12205.107   0.001  85.0  15.0   0.0   0.0  
 798  29  23 12206.877 12206.881  -0.004  85.2  14.8   0.0   0.0  
 799  29  24 12208.727 12208.729  -0.002  85.4  14.5   0.0   0.0  
 800  29  25 12210.652 12210.652   0.000  85.7  14.3   0.0   0.0  
 801  29  26 12212.650 12212.649   0.001  85.9  14.1   0.0   0.0  
 802  29  27 12214.717 12214.721  -0.004  86.1  13.9   0.0   0.0  
 803  29  28 12216.864 12216.867  -0.003  86.2  13.7   0.0   0.0  
 804  29  29 12219.087 12219.088  -0.001  86.4  13.6   0.0   0.0  
 805  29  30 12221.385 12221.383   0.002  86.5  13.5   0.0   0.0  
 806  29  31 12223.750 12223.754  -0.004  86.6  13.4   0.0   0.0  
 807  29  32 12226.198 12226.199  -0.001  86.7  13.3   0.0   0.0  
 808  29  33 12228.714 12228.719  -0.005  86.7  13.3   0.0   0.0  
 809  29  34 12231.315 12231.315   0.000  86.7  13.2   0.0   0.0  
 810  29  35 12233.985 12233.987  -0.002  86.7  13.3   0.0   0.0  
 811  29  36 12236.736 12236.735   0.001  86.7  13.3   0.0   0.0  
 812  29  37 12239.562 12239.560   0.002  86.6  13.4   0.0   0.0  
 813  29  45 12265.018 12265.018   0.000  84.0  15.9   0.0   0.0  
 814  29  47 12272.221 12272.219   0.002  82.7  17.3   0.1   0.0  
 815  29  48 12275.955 12275.955   0.000  81.8  18.1   0.1   0.0  
 816  29  49 12279.788 12279.785   0.003  80.9  19.1   0.1   0.0  
 817  29  50 12283.714 12283.712   0.002  79.8  20.1   0.1   0.0  
 818  29  51 12287.742 12287.740   0.002  78.5  21.4   0.1   0.0  
 819  29  52 12291.874 12291.873   0.001  77.1  22.8   0.1   0.0  
 820  29  53 12296.119 12296.116   0.003  75.5  24.4   0.1   0.0  
 821  29  54 12300.476 12300.474   0.002  73.6  26.2   0.1   0.0  
 822  29  55 12304.955 12304.952   0.003  71.6  28.3   0.1   0.0  
 823  29  56 12309.558 12309.559  -0.001  69.3  30.5   0.1   0.0  
 824  29  61 12310.683 12310.683   0.000  52.9  47.0   0.1   0.0  
 825  29  62 12316.217 12316.218  -0.001  56.5  43.4   0.1   0.0  
 826  29  63 12321.748 12321.749  -0.001  60.1  39.8   0.1   0.0  
 827  29  63 12345.834 12345.831   0.003  46.2  47.8   6.0   0.0  
 828  29  64 12327.276 12327.277  -0.001  63.6  36.4   0.1   0.0  
 829  29  64 12351.695 12351.691   0.004  45.6  52.9   1.5   0.0  
 830  29  65 12332.801 12332.801   0.000  66.8  33.1   0.1   0.0  
 831  29  65 12357.686 12357.684   0.002  43.5  55.7   0.8   0.0  
 832  29  66 12338.325 12338.326  -0.001  69.9  30.1   0.1   0.0  
 833  29  66 12363.829 12363.824   0.005  41.4  58.0   0.5   0.0  
 834  29  67 12343.851 12343.855  -0.004  72.6  27.3   0.1   0.0  
 835  29  67 12370.110 12370.105   0.005  39.7  59.8   0.4   0.0  
 836  29  68 12349.398 12349.394   0.004  75.0  24.9   0.1   0.0  
 837  29  68 12376.523 12376.518   0.005  38.4  61.2   0.4   0.0  
 838  29  69 12354.950 12354.950   0.000  77.2  22.8   0.1   0.0  
 839  29  69 12383.056 12383.053   0.003  37.6  62.0   0.3   0.0  
 840  29  70 12360.531 12360.528   0.003  79.0  21.0   0.1   0.0  
 841  29  70 12389.704 12389.697   0.007  37.2  62.4   0.3   0.0  
 842  29  71 12366.137 12366.136   0.001  80.5  19.4   0.1   0.0  
 843  29  71 12396.442 12396.437   0.005  37.4  62.3   0.3   0.0  
 844  29  72 12371.782 12371.781   0.001  81.8  18.2   0.1   0.0  
 845  29  72 12403.255 12403.260  -0.005  38.0  61.7   0.3   0.0  
 846  29  73 12377.471 12377.469   0.002  82.7  17.2   0.1   0.0  
 847  29  74 12383.209 12383.208   0.001  83.5  16.5   0.1   0.0  
 848  29  75 12389.004 12389.004   0.000  83.9  16.0   0.1   0.0  
 849  29  76 12394.865 12394.865   0.000  84.1  15.8   0.1   0.0  
 850  29  77 12400.798 12400.799  -0.001  84.1  15.8   0.1   0.0  
 851  29  78 12406.813 12406.814  -0.001  83.7  16.2   0.1   0.0  
 852  29  79 12412.923 12412.921   0.002  83.0  16.9   0.1   0.0  
 853  29  80 12419.130 12419.132  -0.002  81.9  18.0   0.1   0.0  
 854  29  81 12425.461 12425.463  -0.002  80.3  19.5   0.2   0.0  
 855  29  82 12431.929 12431.933  -0.004  78.1  21.7   0.2   0.0  
 856  29  83 12438.556 12438.567  -0.011  74.8  24.4   0.4   0.4  
 857  29  92 12486.781 12486.783  -0.002  77.1  22.6   0.3   0.0  
 858  29  93 12494.016 12494.017  -0.001  79.9  19.8   0.3   0.0  
 859  29  94 12501.232 12501.235  -0.003  82.1  17.7   0.3   0.0  
 860  29  95 12508.453 12508.456  -0.003  83.7  16.1   0.2   0.0  
 861  29  96 12515.691 12515.698  -0.007  84.9  14.9   0.2   0.0  
 862  30  50 12334.506 12334.504   0.002  89.1  10.8   0.2   0.0  
 863  30  51 12338.342 12338.341   0.001  89.9  10.0   0.1   0.0  
 864  30  52 12342.239 12342.238   0.001  90.3   9.6   0.1   0.0  
 865  30  53 12346.203 12346.201   0.002  90.5   9.4   0.1   0.0  
 866  30  54 12350.233 12350.232   0.001  90.6   9.3   0.1   0.0  
 867  30  55 12354.337 12354.335   0.002  90.5   9.3   0.1   0.0  
 868  30  56 12358.514 12358.513   0.001  90.4   9.5   0.1   0.0  
 869  30  57 12362.768 12362.766   0.002  90.3   9.6   0.1   0.0  
 870  30  58 12367.097 12367.096   0.001  90.0   9.9   0.1   0.0  
 871  30  59 12371.507 12371.506   0.001  89.7  10.2   0.1   0.0  
 872  30  60 12375.997 12375.996   0.001  89.3  10.6   0.1   0.0  
 873  30  61 12380.567 12380.568  -0.001  88.9  11.0   0.1   0.0  
 874  30  62 12385.226 12385.225   0.001  88.4  11.5   0.1   0.0  
 875  30  63 12389.969 12389.968   0.001  87.8  12.1   0.1   0.0  
 876  30  64 12394.802 12394.800   0.002  87.1  12.8   0.1   0.0  
 877  30  77 12438.094 12438.080   0.014  48.2  51.6   0.2   0.0  
 878  30  78 12445.094 12445.081   0.013  51.5  48.3   0.2   0.0  
 879  30  79 12452.075 12452.065   0.010  54.9  44.9   0.2   0.0  
 880  30  80 12459.033 12459.023   0.010  58.5  41.3   0.2   0.0  
 881  30  81 12465.957 12465.949   0.008  62.2  37.7   0.2   0.0  
 882  30  82 12472.849 12472.842   0.007  65.7  34.1   0.1   0.0  
 883  30  83 12479.707 12479.703   0.004  69.1  30.8   0.1   0.0  
 884  30  84 12486.538 12486.536   0.002  72.2  27.7   0.1   0.0  
 885  30  85 12493.351 12493.348   0.003  75.1  24.8   0.1   0.0  
 886  30  86 12500.147 12500.146   0.001  77.6  22.3   0.1   0.0  
 887  30  87 12506.937 12506.937   0.000  79.9  20.1   0.1   0.0  
 888  30  88 12513.730 12513.731  -0.001  81.8  18.1   0.1   0.0  
 889  30  89 12520.534 12520.535  -0.001  83.5  16.4   0.1   0.0  
 890  30  90 12527.354 12527.356  -0.002  85.0  14.9   0.1   0.0  
 891  30  91 12534.198 12534.201  -0.003  86.2  13.7   0.1   0.0  
 892  30  92 12541.071 12541.077  -0.006  87.3  12.6   0.1   0.0  
 893  30  93 12547.983 12547.987  -0.004  88.2  11.7   0.1   0.0  
 894  30  94 12554.935 12554.938  -0.003  88.9  10.9   0.1   0.0  
 895  30  95 12561.931 12561.934  -0.003  89.5  10.3   0.2   0.0  
 896  30 143 12957.510 12957.536  -0.026  89.2  10.2   0.6   0.0  
 897  31  32 12331.460 12331.460   0.000  76.3  23.6   0.0   0.0  
 898  31  53 12400.656 12400.655   0.001  86.7  13.2   0.1   0.0  
 899  31  54 12404.739 12404.736   0.003  86.4  13.5   0.1   0.0  
 900  31  55 12408.899 12408.898   0.001  86.1  13.9   0.1   0.0  
 901  31  56 12413.143 12413.142   0.001  85.6  14.3   0.1   0.0  
 902  31  57 12417.471 12417.472  -0.001  85.0  14.9   0.1   0.0  
 903  31  58 12421.892 12421.892   0.000  84.3  15.6   0.1   0.0  
 904  31  59 12426.405 12426.404   0.001  83.4  16.5   0.1   0.0  
 905  31  60 12431.014 12431.013   0.001  82.4  17.5   0.1   0.0  
 906  31  61 12435.727 12435.724   0.003  81.1  18.8   0.1   0.0  
 907  31  62 12440.546 12440.545   0.001  79.6  20.3   0.1   0.0  
 908  31  63 12445.483 12445.482   0.001  77.8  22.1   0.1   0.0  
 909  31  64 12425.268 12425.266   0.002  29.0  70.8   0.2   0.0  
 910  31  64 12450.549 12450.546   0.003  75.6  24.2   0.2   0.0  
 911  31  65 12431.664 12431.660   0.004  31.8  68.0   0.2   0.0  
 912  31  65 12455.749 12455.745   0.004  73.1  26.7   0.3   0.0  
 913  31  66 12438.075 12438.072   0.003  35.0  64.8   0.2   0.0  
 914  31  66 12461.096 12461.094   0.002  70.1  29.5   0.4   0.0  
 915  31  67 12444.490 12444.488   0.002  38.7  61.1   0.2   0.0  
 916  31  67 12466.609 12466.606   0.003  66.6  32.7   0.6   0.0  
 917  31  68 12450.896 12450.893   0.003  42.8  57.0   0.2   0.0  
 918  31  68 12472.304 12472.300   0.004  62.4  36.0   1.5   0.0  
 919  31  69 12457.276 12457.274   0.002  47.2  52.6   0.1   0.0  
 920  31  70 12463.622 12463.619   0.003  51.9  47.9   0.1   0.0  
 921  31  70 12484.022 12484.020   0.002  45.2  36.9  17.9   0.1  
 922  31  71 12469.921 12469.919   0.002  56.7  43.2   0.1   0.0  
 923  31  71 12490.396 12490.386   0.010  49.7  47.7   2.6   0.0  
 924  31  72 12476.174 12476.171   0.003  61.3  38.6   0.1   0.0  
 925  31  72 12496.878 12496.868   0.010  46.6  52.3   1.1   0.0  
 926  31  73 12482.378 12482.377   0.001  65.6  34.3   0.1   0.0  
 927  31  73 12503.550 12503.536   0.014  43.2  56.1   0.7   0.0  
 928  31  74 12488.544 12488.544   0.000  69.5  30.4   0.1   0.0  
 929  31  74 12510.402 12510.386   0.016  40.2  59.3   0.5   0.0  
 930  31  75 12494.680 12494.681  -0.001  73.0  27.0   0.1   0.0  
 931  31  75 12517.422 12517.408   0.014  37.8  61.8   0.4   0.0  
 932  31  76 12500.799 12500.801  -0.002  75.9  24.1   0.1   0.0  
 933  31  76 12524.598 12524.584   0.014  36.0  63.6   0.4   0.0  
 934  31  77 12506.915 12506.917  -0.002  78.2  21.7   0.1   0.0  
 935  31  77 12531.913 12531.896   0.017  34.9  64.7   0.4   0.0  
 936  31  79 12519.185 12519.189  -0.004  81.6  18.3   0.1   0.0  
 937  31  80 12525.368 12525.370  -0.002  82.7  17.2   0.1   0.0  
 938  31  81 12531.589 12531.595  -0.006  83.4  16.5   0.1   0.0  
 939  31  82 12537.871 12537.876  -0.005  83.8  16.1   0.1   0.0  
 940  31  83 12544.217 12544.222  -0.005  83.9  16.0   0.1   0.0  
 941  31  84 12550.641 12550.646  -0.005  83.6  16.3   0.1   0.0  
 942  31  85 12557.134 12557.158  -0.024  82.9  16.9   0.1   0.0  
 943  31  86 12563.764 12563.772  -0.008  81.9  18.0   0.1   0.0  
 944  31  87 12570.497 12570.505  -0.008  80.4  19.4   0.2   0.0  
 945  31  88 12577.346 12577.373  -0.027  78.3  21.5   0.2   0.0  
 946  31  89 12584.390 12584.400  -0.010  75.6  24.1   0.3   0.0  
 947  31  93 12614.645 12614.648  -0.003  57.3  42.0   0.7   0.0  
 948  31  94 12622.889 12622.889   0.000  51.3  47.8   0.9   0.0  
 949  31  95 12631.443 12631.441   0.002  45.2  53.5   1.3   0.0  
 950  31  96 12640.306 12640.301   0.005  39.3  58.6   2.0   0.0  
 951  31 132 12894.570 12894.557   0.013  56.0  43.3   0.8   0.0  
 952  31 135 12926.960 12926.947   0.013  73.4  26.1   0.5   0.0  
 953  32  54 12457.615 12457.620  -0.005  88.7   7.2   4.1   0.0  
 954  32  55 12461.701 12461.703  -0.002  90.8   7.5   1.6   0.0  
 955  32  56 12465.858 12465.862  -0.004  85.1  14.0   0.9   0.0  
 956  32  58 12474.257 12474.260  -0.003  91.7   7.9   0.4   0.0  
 957  32  59 12478.591 12478.589   0.002  91.8   7.8   0.3   0.0  
 958  32  60 12482.986 12482.988  -0.002  91.9   7.9   0.3   0.0  
 959  32  61 12487.466 12487.461   0.005  91.8   8.0   0.2   0.0  
 960  32  62 12492.009 12492.006   0.003  91.7   8.1   0.2   0.0  
 961  32  63 12496.626 12496.626   0.000  91.6   8.2   0.2   0.0  
 962  32  64 12501.323 12501.321   0.002  91.4   8.4   0.2   0.0  
 963  32  65 12506.094 12506.093   0.001  91.2   8.6   0.1   0.0  
 964  32  66 12510.943 12510.942   0.001  91.0   8.9   0.1   0.0  
 965  32  67 12515.871 12515.870   0.001  90.7   9.2   0.1   0.0  
 966  32  68 12520.878 12520.878   0.000  90.3   9.5   0.1   0.0  
 967  32  69 12525.972 12525.968   0.004  89.9  10.0   0.1   0.0  
 968  32  70 12531.142 12531.142   0.000  89.4  10.5   0.1   0.0  
 969  32  71 12536.404 12536.402   0.002  88.9  11.0   0.1   0.0  
 970  32  72 12541.756 12541.751   0.005  88.2  11.7   0.1   0.0  
 971  32  73 12547.192 12547.193  -0.001  87.4  12.4   0.1   0.0  
 972  32  74 12552.745 12552.730   0.015  86.5  13.3   0.1   0.0  
 973  32  86 12600.548 12600.542   0.006  52.4  47.4   0.2   0.0  
 974  32  87 12608.138 12608.130   0.008  56.5  43.3   0.2   0.0  
 975  32  88 12615.662 12615.659   0.003  60.7  39.2   0.2   0.0  
 976  32  89 12623.132 12623.127   0.005  64.8  35.1   0.1   0.0  
 977  32  90 12630.538 12630.534   0.004  68.6  31.3   0.1   0.0  
 978  32  91 12637.890 12637.889   0.001  72.2  27.7   0.1   0.0  
 979  32  92 12645.199 12645.200  -0.001  75.3  24.6   0.1   0.0  
 980  32  93 12652.480 12652.480   0.000  78.1  21.8   0.1   0.0  
 981  32  94 12659.737 12659.739  -0.002  80.5  19.4   0.1   0.0  
 982  32  95 12666.986 12666.989  -0.003  82.5  17.4   0.1   0.0  
 983  32  96 12674.238 12674.241  -0.003  84.3  15.7   0.1   0.0  
 984  32  97 12681.500 12681.505  -0.005  85.7  14.2   0.1   0.0  
 985  32  98 12688.784 12688.791  -0.007  86.9  13.0   0.1   0.0  
 986  33  83 12649.278 12649.287  -0.009  76.7  23.2   0.1   0.0  
 987  33  84 12655.854 12655.864  -0.010  79.4  20.5   0.1   0.0  
 988  33  85 12662.422 12662.433  -0.011  81.5  18.4   0.1   0.0  
 989  33  86 12669.004 12669.015  -0.011  82.9  17.0   0.1   0.0  
 990  33  87 12675.618 12675.628  -0.010  83.9  16.0   0.1   0.0  
 991  33 127 12970.740 12970.765  -0.025  85.9  13.8   0.3   0.0  
 992  33 128 12980.085 12980.108  -0.023  85.7  13.9   0.3   0.0  
 993  33 129 12989.520 12989.536  -0.016  85.0  14.7   0.3   0.0  
 994  33 130 12999.063 12999.083  -0.020  83.5  16.1   0.3   0.0  
 995  33 131 13008.771 13008.783  -0.012  81.4  18.2   0.4   0.0  
 996  33 132 13018.664 13018.676  -0.012  78.5  21.1   0.4   0.0  
 997  34  10 12451.899 12451.909  -0.010  53.8  46.2   0.0   0.0  
 998  34  12 12453.946 12453.945   0.001  54.9  45.1   0.0   0.0  
 999  34  28 12481.856 12481.861  -0.005  70.2  29.8   0.0   0.0  
1000  34 116 12930.210 12930.212  -0.002  82.4  17.0   0.6   0.0  
1001  35  12 12520.910 12520.908   0.002  83.0  17.0   0.0   0.0  
1002  35  14 12522.992 12522.996  -0.004  83.3  16.6   0.0   0.0  
1003  35  15 12524.151 12524.154  -0.003  83.5  16.5   0.0   0.0  
1004  35  87 12778.912 12778.910   0.002  64.8  35.0   0.2   0.0  
1005  35  97 12849.380 12849.401  -0.021  84.4  15.5   0.2   0.0  
1006  35 104 12878.272 12878.246   0.026  46.2  53.2   0.6   0.0  
1007  35 110 12931.614 12931.600   0.014  75.1  24.7   0.3   0.0  
1008  35 146 13241.930 13241.932  -0.002  81.8  17.9   0.2   0.0  
1009  36 142 13260.303 13260.328  -0.025  82.4  17.4   0.2   0.0  
1010  37 143 13332.160 13332.157   0.003  69.9  29.5   0.6   0.0  
1011  38 116 13141.986 13142.000  -0.014  84.8  15.0   0.2   0.0  
1012  40 136 13413.631 13413.627   0.004  88.8  10.9   0.3   0.0  
1013  41 108 13240.355 13240.374  -0.019  87.1  12.7   0.3   0.0  
1014  45  95 13306.820 13306.818   0.002  87.3  12.4   0.2   0.0  
1015  10  11 11140.051 11140.046   0.005  48.4  46.2   5.4   0.0  
1016  10  13 11142.454 11142.433   0.021  50.6  49.2   0.1   0.0  
1017  12  11 11237.185 11237.185   0.000  77.6  22.3   0.0   0.0  
1018  12  13 11239.294 11239.295  -0.001  76.2  23.7   0.1   0.0  
1019  13  11 11288.903 11288.904  -0.001  75.1  24.9   0.0   0.0  
1020  13  13 11291.022 11291.026  -0.004  75.4  24.6   0.0   0.0  
1021  14  11 11392.026 11392.029  -0.003  59.7  40.3   0.0   0.0  
1022  14  13 11394.294 11394.298  -0.004  60.5  39.5   0.0   0.0  
1023  15  11 11427.280 11427.285  -0.005  53.3  46.7   0.0   0.0  
1024  15  13 11429.615 11429.621  -0.006  52.6  47.4   0.0   0.0  
1025  16  11 11492.838 11492.850  -0.012  35.5  64.5   0.0   0.0  
1026  16  13 11495.355 11495.363  -0.008  36.1  63.9   0.0   0.0  
1027  17  11 11528.574 11528.576  -0.002  73.3  26.7   0.0   0.0  
1028  17  13 11530.693 11530.695  -0.002  72.6  27.3   0.0   0.0  
1029  18  11 11633.711 11633.713  -0.002  82.8  17.2   0.0   0.0  
1030  18  13 11635.720 11635.722  -0.002  82.8  17.2   0.0   0.0  
1031  19  11 11740.056 11740.058  -0.002  77.4  22.6   0.0   0.0  
1032  19  13 11742.107 11742.110  -0.003  78.0  22.0   0.0   0.0  
1033  20  11 11778.250 11778.264  -0.014  35.1  64.9   0.0   0.0  
1034  20  13 11780.734 11780.745  -0.011  35.0  65.0   0.0   0.0  
1035  21  11 11843.778 11843.787  -0.009  56.5  43.5   0.0   0.0  
1036  21  13 11846.032 11846.040  -0.008  57.5  42.5   0.0   0.0  
1037  22  11 11875.557 11875.565  -0.008  54.0  46.0   0.0   0.0  
1038  22  13 11877.840 11877.849  -0.009  53.0  47.0   0.0   0.0  
1039  23  11 11978.050 11978.052  -0.002  77.2  22.8   0.0   0.0  
1040  23  13 11980.086 11980.090  -0.004  76.5  23.5   0.0   0.0  
1041  24  11 12023.078 12023.078   0.000  68.2  31.8   0.0   0.0  
1042  24  13 12025.218 12025.214   0.004  70.1  29.9   0.0   0.0  
1043  25  11 12137.567 12137.566   0.001  85.7  14.2   0.0   0.0  
1044  25  13 12139.500 12139.498   0.002  85.2  14.8   0.0   0.0  
1045  26  11 12190.564 12190.565  -0.001  81.8  18.2   0.0   0.0  
1046  26  13 12192.529 12192.524   0.005  82.3  17.7   0.0   0.0  
1047  27  11 12244.846 12244.845   0.001  88.6  11.4   0.0   0.0  
1048  27  13 12246.740 12246.740   0.000  88.8  11.2   0.0   0.0  
1049  28  11 12292.245 12292.248  -0.003  49.7  50.3   0.0   0.0  
1050  28  13 12294.505 12294.509  -0.004  51.4  48.6   0.0   0.0  
1051  29  11 12310.645 12310.648  -0.003  57.5  42.5   0.0   0.0  
1052  29  13 12312.872 12312.874  -0.002  55.6  44.3   0.0   0.0  
1053  30  11 12414.377 12414.377   0.000  82.5  17.5   0.0   0.0  
1054  30  13 12416.332 12416.332   0.000  82.0  18.0   0.0   0.0  
1055  31  11 12452.881 12452.884  -0.003  54.3  45.7   0.0   0.0  
1056  31  13 12455.090 12455.091  -0.001  55.6  44.4   0.0   0.0  
1057  32  11 12481.269 12481.272  -0.003  54.4  45.6   0.0   0.0  
1058  32  13 12483.484 12483.487  -0.003  53.2  46.8   0.0   0.0  
1059  33  11 12519.975 12519.978  -0.003  82.8  17.2   0.0   0.0  
1060  33  13 12521.911 12521.914  -0.003  83.2  16.8   0.0   0.0  
1061  34  11 12547.547 12547.554  -0.007  32.7  67.3   0.0   0.0  
1062  34  13 12549.957 12549.965  -0.008  33.0  67.0   0.0   0.0  
1063  35  11 12582.166 12582.171  -0.005  80.1  19.9   0.0   0.0  
1064  35  13 12584.117 12584.120  -0.003  79.4  20.6   0.0   0.0  
1065   8  44 11081.307 11081.295   0.012  69.6  30.4   0.1   0.0  
1066   8  46 11089.333 11089.319   0.014  68.1  31.8   0.1   0.0  
1067  10  44 11189.415 11189.409   0.006  81.6  18.3   0.0   0.0  
1068  10  46 11197.039 11197.029   0.010  81.8  18.2   0.0   0.0  
1069  11  44 11228.457 11228.451   0.006  54.7  45.2   0.1   0.0  
1070  11  46 11236.914 11236.909   0.005  56.9  43.1   0.1   0.0  
1071  11  44 11265.951 11265.951   0.000  60.8  39.2   0.1   0.0  
1072  11  46 11274.253 11274.247   0.006  58.6  41.3   0.1   0.0  
1073  12  44 11310.001 11309.995   0.006  85.0  14.9   0.1   0.0  
1074  12  46 11317.428 11317.424   0.004  84.5  15.4   0.1   0.0  
1075  13  44 11366.171 11366.167   0.004  76.2  23.7   0.1   0.0  
1076  13  46 11373.825 11373.824   0.001  75.0  25.0   0.1   0.0  
1077  14  44 11417.444 11417.442   0.002  71.0  28.8   0.1   0.0  
1078  14  46 11425.182 11425.179   0.003  74.3  25.6   0.1   0.0  
1079  14  44 11435.598 11435.589   0.009  36.1  62.4   1.5   0.0  
1080  14  46 11444.908 11444.911  -0.003  32.1  65.3   2.6   0.0  
1081  16  44 11515.653 11515.655  -0.002  48.6  51.2   0.2   0.0  
1082  16  46 11524.201 11524.198   0.003  51.1  48.7   0.2   0.0  
1083  16  44 11544.526 11544.525   0.001  65.4  34.5   0.1   0.0  
1084  16  46 11552.663 11552.658   0.005  61.6  38.2   0.1   0.0  
1085  17  44 11611.750 11611.768  -0.018  45.0  52.7   2.2   0.0  
1086  17  46 11620.451 11620.455  -0.004  44.6  55.1   0.3   0.0  
1087  18  44 11652.842 11652.844  -0.002  81.6  18.3   0.1   0.0  
1088  18  46 11660.250 11660.248   0.002  80.0  20.0   0.1   0.0  
1089  19  44 11709.678 11709.672   0.006  65.2  34.7   0.1   0.0  
1090  19  46 11717.656 11717.651   0.005  60.9  38.9   0.2   0.0  
1091  20  44 11760.434 11760.434   0.000  85.4  14.5   0.1   0.0  
1092  20  46 11767.596 11767.594   0.002  85.5  14.5   0.1   0.0  
1093  22  44 11865.201 11865.198   0.003  68.9  31.0   0.1   0.0  
1094  22  46 11872.832 11872.830   0.002  72.8  27.1   0.1   0.0  
1095  23  44 11921.116 11921.105   0.011  84.0  16.0   0.0   0.0  
1096  23  46 11928.273 11928.259   0.014  85.2  14.8   0.0   0.0  
1097  24  44 11963.605 11963.609  -0.004  42.4  57.5   0.2   0.0  
1098  24  46 11972.199 11972.204  -0.005  45.2  54.6   0.2   0.0  
1099  24  44 11989.347 11989.345   0.002  70.1  29.9   0.1   0.0  
1100  24  46 11997.137 11997.138  -0.001  66.0  33.9   0.1   0.0  
1101  25  44 12027.380 12027.378   0.002  68.7  31.2   0.0   0.0  
1102  25  46 12035.025 12035.025   0.000  72.1  27.9   0.0   0.0  
1103  26  44 12096.658 12096.661  -0.003  84.2  15.7   0.0   0.0  
1104  26  46 12103.823 12103.824  -0.001  83.0  16.9   0.0   0.0  
1105  27  44 12128.211 12128.205   0.006  39.5  60.4   0.1   0.0  
1106  27  46 12136.878 12136.874   0.004  43.6  56.4   0.1   0.0  
1107  27  44 12157.645 12157.640   0.005  68.1  31.8   0.1   0.0  
1108  27  45 12161.437 12161.435   0.002  66.3  33.7   0.1   0.0  
1109  27  46 12165.351 12165.347   0.004  64.3  35.6   0.1   0.0  
1110  29  44 12261.552 12261.548   0.004  84.6  15.4   0.0   0.0  
1111  29  46 12268.581 12268.574   0.007  83.4  16.5   0.0   0.0  
1112  30  46 12322.882 12322.878   0.004  36.8  63.0   0.2   0.0  
1113  31  44 12367.308 12367.306   0.002  85.8  14.1   0.0   0.0  
1114  31  46 12374.219 12374.214   0.005  86.5  13.5   0.0   0.0  
1115  32  44 12421.276 12421.282  -0.006  90.9   9.0   0.1   0.1  
1116  32  46 12428.019 12428.020  -0.001  91.3   8.6   0.1   0.0  
1117  33  44 12471.120 12471.116   0.004  69.1  30.8   0.1   0.0  
1118  33  46 12478.517 12478.512   0.005  73.4  26.6   0.1   0.0  
1119  33  44 12493.341 12493.334   0.007  35.7  62.9   1.4   0.0  
1120  33  46 12502.208 12502.193   0.015  28.5  61.4  10.0   0.0  
1121  34  44 12527.670 12527.670   0.000  85.8  14.2   0.0   0.0  
1122  34  46 12534.539 12534.540  -0.001  87.0  13.0   0.0   0.0  
1123  35  44 12567.870 12567.860   0.010  37.7  62.1   0.2   0.0  
1124  35  46 12576.377 12576.372   0.005  40.8  59.0   0.2   0.0  
1125  35  44 12591.638 12591.640  -0.002  73.0  26.9   0.1   0.0  
1126  35  46 12599.073 12599.075  -0.002  68.7  31.2   0.1   0.0  
1127  36  44 12631.112 12631.117  -0.005  68.7  31.3   0.0   0.0  
1128  36  46 12638.518 12638.511   0.007  72.4  27.6   0.0   0.0  
1129  25  66 12123.847 12123.836   0.011  88.1  11.7   0.2   0.0  
1130  25  68 12134.203 12134.198   0.005  86.9  12.6   0.4   0.1  
1131  26  66 12200.807 12200.787   0.020  40.0  59.6   0.4   0.0  
1132  26  68 12213.795 12213.790   0.005  34.9  64.6   0.5   0.0  
1133  28  66 12300.320 12300.313   0.007  69.2  30.6   0.2   0.0  
1134  28  68 12282.046 12282.028   0.018  47.6  52.1   0.2   0.0  
1135  28  66 12269.601 12269.571   0.030  43.4  56.4   0.2   0.0  
1136  33  66 12564.343 12564.334   0.009  86.6  13.3   0.1   0.0  
1137  33  68 12574.462 12574.454   0.008  85.3  14.6   0.1   0.0  
1138  35  66 12669.005 12669.009  -0.004  85.8  14.1   0.1   0.0  
1139  35  68 12679.055 12679.048   0.007  87.1  12.8   0.1   0.0  
1140  37  66 12771.348 12771.318   0.030  68.2  31.6   0.1   0.0  
1141  37  68 12782.105 12782.093   0.012  74.2  25.6   0.1   0.0  
1142  39  66 12891.736 12891.746  -0.010  73.0  26.9   0.1   0.0  
1143  39  68 12902.594 12902.599  -0.005  66.7  33.2   0.2   0.0  
1144  41  66 12993.518 12993.534  -0.016  85.3  14.7   0.1   0.0  
1145  41  68 13003.520 13003.536  -0.016  84.4  15.5   0.1   0.0  
1146  42  66 13053.270 13053.266   0.004  72.1  27.7   0.2   0.0  
1147  42  68 13064.004 13064.006  -0.002  66.0  33.7   0.3   0.0  
1148  44  66 13154.110 13154.097   0.013  88.0  11.9   0.1   0.0  
1149  44  68 13163.861 13163.851   0.010  86.1  13.8   0.1   0.0  
1150  46  66 13256.539 13256.525   0.014  92.6   7.3   0.1   0.0  
1151  46  68 13265.957 13265.948   0.009  92.1   7.8   0.1   0.0  
1152  47  66 13308.282 13308.276   0.006  89.4  10.5   0.1   0.0  
1153  47  68 13317.833 13317.831   0.002  88.3  11.6   0.1   0.0  
1154  50  66 13460.709 13460.712  -0.003  91.9   7.9   0.2   0.0  
1155  50  68 13470.010 13470.027  -0.017  91.9   7.5   0.6   0.0  
1156  51  66 13508.148 13508.147   0.001  59.8  40.0   0.2   0.0  
1157  51  68 13518.694 13518.695  -0.001  72.6  27.2   0.2   0.0  
1158  52  66 13560.963 13560.976  -0.013  86.3  13.7   0.1   0.0  
1159  52  68 13570.449 13570.455  -0.006  88.3  11.6   0.1   0.0  
1160  53  66 13614.833 13614.831   0.002  87.5  12.3   0.3   0.0  
1161  54  66 13657.519 13657.523  -0.004  62.1  37.7   0.1   0.0  
1162  53  68 13624.356 13624.345   0.011  84.7  14.0   1.3   0.0  
1163  54  68 13667.996 13667.993   0.003  70.0  29.9   0.1   0.0  
=================================================================
          |Del|<0.02 cm-1 for N=1142 termvalues above
                  leading to r.m.s. = 0.006 cm-1
=================================================================