 11 23 55 133 0 1         % IAN1 IMN1 IAN2 IMN2 CHARGE NUMPOT
'Case 1: NaCs Omega=1(0+)'
 0.001 2.0 15. 1.d-06     % RH RMIN RMAX EPS
 151 -10 0 0               % NTP LPPOT IOMEG VLIM
 -1 0 3 6 0.D5            % NUSE IR2 ILR NCN CNN
 1D0 1D0 0.d0             % RFACT EFACT VSHIFT
  2.381297 10560.643002 
  2.434215 8502.651331 
  2.487133 6725.646446 
  2.540051 5181.965042 
  2.592968 3834.169136 
  2.698804 1612.227721 
  2.751721 693.035043 
  2.804639 -120.517910 
  2.857557 -840.827065 
  2.910475 -1480.062293 
  2.963392 -2046.442916 
  3.016310 -2547.935864 
  3.069228 -2990.166273 
  3.122146 -3379.823728 
  3.175063 -3720.729283 
  3.227981 -4017.140747 
  3.280899 -4274.307951 
  3.333816 -4492.814700 
  3.386734 -4678.512185 
  3.439652 -4832.445107 
  3.492570 -4957.218630 
  3.545487 -5055.911982 
  3.598405 -5130.252429 
  3.651323 -5182.875862 
  3.704240 -5213.648400 
  3.757158 -5226.268191 
  3.810076 -5222.398853 
  3.862994 -5202.479336 
  3.915911 -5167.747475 
  3.968829 -5119.388435 
  4.021747 -5060.213685 
  4.074665 -4990.528295 
  4.127582 -4911.491091 
  4.180500 -4824.206030 
  4.233418 -4729.401768 
  4.286335 -4628.098862 
  4.339253 -4521.969710 
  4.392171 -4410.257122 
  4.445089 -4294.572044 
  4.498006 -4175.171260 
  4.550924 -4053.845684 
  4.603842 -3930.127834 
  4.656759 -3804.485192 
  4.709677 -3678.337758 
  4.762595 -3551.714065 
  4.815513 -3425.182550 
  4.868430 -3299.118517 
  4.921348 -3174.024561 
  4.974266 -3049.924825 
  5.027184 -2926.575693 
  5.080101 -2806.676702 
  5.133019 -2688.048469 
  5.185937 -2571.582061 
  5.238854 -2457.909565 
  5.291772 -2346.982697 
  5.344690 -2238.834378 
  5.397608 -2133.837714 
  5.450525 -2031.663494 
  5.503443 -1933.251069 
  5.556361 -1837.948600 
  5.609278 -1746.102856 
  5.662196 -1657.663359 
  5.715114 -1572.643276 
  5.768032 -1490.816550 
  5.820949 -1412.622128 
  5.873867 -1337.728605 
  5.926785 -1266.434465 
  5.979702 -1197.938628 
  6.032620 -1133.064121 
  6.138456 -1011.962409 
  6.191373 -956.123674 
  6.244291 -903.120550 
  6.297209 -852.698448 
  6.350127 -804.925405 
  6.455962 -716.896325 
  6.508880 -676.508604 
  6.561797 -638.142243 
  6.667633 -567.960841 
  6.720551 -535.807807 
  6.773468 -505.454466 
  6.826386 -476.949100 
  6.879304 -449.993226 
  6.932221 -424.589038 
  6.985139 -400.653134 
  7.038057 -378.102116 
  7.090975 -356.839414 
  7.143892 -336.832106 
  7.196810 -317.988014 
  7.249728 -300.250075 
  7.302646 -283.528303 
  7.355563 -267.772219 
  7.461399 -238.935447 
  7.514316 -225.751606 
  7.567234 -213.324952 
  7.620152 -201.605007 
  7.673070 -190.554459 
  7.725987 -180.127219 
  7.778905 -170.290366 
  7.831823 -160.997811 
  7.884740 -152.227604 
  7.937658 -143.942437 
  7.990576 -136.107193 
  8.043494 -128.706508 
  8.096411 -121.705267 
  8.149329 -115.090302 
  8.202247 -108.822106 
  8.255164 -102.887512 
  8.308082 -97.271157 
  8.361000 -91.946702 
  8.413918 -86.900980 
  8.466835 -82.116433 
  8.519753 -77.577698 
  8.572671 -73.269411 
  8.625589 -69.178404 
  8.678506 -65.295898 
  8.731424 -61.606529 
  8.784342 -58.099324 
  8.837259 -54.761115 
  8.890177 -51.587512 
  8.943095 -48.569736 
  8.996013 -45.694618 
  9.048930 -42.957770 
  9.101848 -40.350411 
  9.154766 -37.865958 
  9.207683 -35.493437 
  9.260601 -33.235043 
  9.313519 -31.079803 
  9.366437 -29.023325 
  9.419354 -27.059027 
  9.472272 -25.184714 
  9.525190 -23.391606 
  9.578108 -21.679704 
  9.631025 -20.042423 
  9.683943 -18.477569 
  9.736861 -16.980752 
  9.789778 -15.549778 
  9.842696 -14.180256 
  9.895614 -12.865603 
  9.948532 -11.610208 
  10.001449 -10.405292 
  10.054367 -9.250856 
  10.107285 -8.146898 
  10.160202 -7.086836 
  10.213120 -6.068474 
  10.266038 -5.094006 
  10.318956 -4.156850 
  10.371873 -3.257004 
  10.424791 -2.394468 
  10.477709 -1.562659 
  10.530626 -0.765966 
  10.583544 0.000000 

 -1000 1 1 0 0 0 -1 -1     % NLEV1 AUTO1 LCDC LXPCT NJM JDJR IWR LPRWF
 0 0                      % IV(1) IJ(1)

