++++++++++++++++++++++++++++++++++++++++++++++++++++++++++++++++++++++++++++++++++
+
+   Supplementary data for
+
+   The coupling of the X1Sigma+ and a3Sigma+ states of the atom pair Na + Cs
+   and modelling cold collisions
+
+   O Docenko, M Tamanis, J Zaharova, R Ferber, A Pashov, H Knoeckel and E Tiemann
+   2006 J. Phys. B: At. Mol. Opt. Phys. 39 S929-S943
+
+++++++++++++++++++++++++++++++++++++++++++++++++++++++++++++++++++++++++++++++++++
+
+   O Docenko, M Tamanis, J Zaharova, R Ferber
+   Department of Physics and Institute of Atomic Physics and Spectroscopy,
+   University of Latvia, Rainis Boulevard 19, LV 1586 Riga, Latvia
+
+   A Pashov
+   Department of Physics, Sofia University, James Bourchier Boulevard 5, 1164
+   Sofia, Bulgaria
+
+   H Knoeckel and E Tiemann
+   Institut fuer Quantenoptik, Universitaet Hannover, Welfengarten 1,
+   30167 Hannover, Germany
+
+   October 2004, October 2005 Hannover
+  
++++++++++++++++++++++++++++++++++++++++++++++++++++++++++++++++++++++++++++++++++
+
+   Supplementary material, Part 3
+
+   Fluorescence progressions to the X1S+ state in the NaCs molecule, 
+   excited with a dye laser (DCM dye), Ar+ 5017 laser line and NdYAG laser. 
+   Rotational relaxation lines are presented for excitation with Ar+ 4965 laser line
+   
+   The data below were used in the fitting procedure together with the previously
+   published supplementary online data of
+   O Docenko, M Tamanis, R Ferber A Pashov, H Knockel and E Tiemann
+   2004 European Physical Journal D 31 205-211
+
++++++++++++++++++++++++++++++++++++++++++++++++++++++++++++++++++++++++++++++++++

Notations: 

v', J', v", J":   vibrational and rotational quantum numbers of the excited state level 
		  and the X1S+ level, respectively. 
		  For progressions, induced with a dye laser, the upper state is the B1P state.	
		  For progressions, induced with Ar+ and NdYAG lases, the upper state is the (4)1S+ state.
		 
		  In most cases v' is artificial (>90).  

freq.: LIF experimental frequency in cm-1.
		 
unc: experimental uncertainty in cm-1.	 	  

Laser:  dye laser frequency in cm-1 or laser line (type) for Ar+ and NdYAG lasers.


N	v'	J'	v"	J"	freq. 		unc	Laser
_____________________________________________________________________________
1	9	16	31	16	13061.9583	0.003	15774.04
2	9	16	32	16	12987.1341	0.003	
3	9	16	33	16	12913.2194	0.003	
4	9	16	34	16	12840.2292	0.003	
5	9	16	35	16	12768.1776	0.003	
6	9	16	36	16	12697.0811	0.003	
7	9	16	37	16	12626.9578	0.003	
8	9	16	38	16	12557.8232	0.003	
9	0	28	1	28	15239.2149	0.003	15337.26
10	0	28	3	28	15045.1087	0.003	
11	0	28	4	28	14949.0674	0.003	
12	0	28	7	28	14664.9818	0.009	
13	0	28	8	28	14571.6451	0.003	
14	0	28	9	28	14479.0095	0.003	
15	0	28	13	28	14115.4914	0.009	
16	0	28	14	28	14026.3971	0.009	
17	99	74	0	74	15398.4013	0.003	15398.40
18	99	74	1	74	15301.477	0.003	
19	99	74	2	74	15205.2291	0.003	
20	99	74	3	74	15109.656	0.003	
21	99	74	4	74	15014.7657	0.009	
22	99	74	5	74	14920.5621	0.003	
23	99	74	7	74	14734.225	0.003	
24	99	74	9	74	14550.689	0.006	
25	99	74	10	74	14459.9738	0.009	
26	99	74	16	74	13931.0503	0.009	
27	99	74	17	74	13845.5111	0.009	
28	98	94	1	93	15354.5268	0.003	15450.66
29	98	94	1	95	15333.2597	0.003	
30	98	94	6	93	14884.0448	0.006	
31	98	94	6	95	14863.2514	0.009	
32	98	94	8	95	14680.1437	0.009	
33	98	94	9	93	14610.1632	0.009	
34	98	94	9	95	14589.659	0.006	
35	98	94	17	93	13912.0672	0.009	
36	98	94	17	95	13892.422	0.009	
37	98	94	18	93	13828.2391	0.006	
38	98	94	18	95	13808.693	0.009	
39	98	94	24	93	13342.2432	0.009	
40	98	94	24	95	13323.4233	0.009	
41	98	94	25	93	13264.1849	0.009	
42	98	94	25	95	13245.4804	0.006	
43	10	26	1	26	15707.6081	0.003	15805.66
44	10	26	2	26	15610.2007	0.003	
45	10	26	4	26	15417.3883	0.003	
46	10	26	5	26	15321.9878	0.003	
47	10	26	6	26	15227.2585	0.003	
48	10	26	7	26	15133.2195	0.003	
49	10	26	8	26	15039.859	0.003	
50	10	26	9	26	14947.1969	0.003	
51	10	26	10	26	14855.2241	0.003	
52	10	26	11	26	14763.9603	0.003	
53	10	26	12	26	14673.4025	0.003	
54	10	26	13	26	14583.5611	0.003	
55	10	26	14	26	14494.4365	0.003	
56	10	26	15	26	14406.0431	0.003	
57	10	26	16	26	14318.3812	0.003	
58	10	26	17	26	14231.4603	0.003	
59	10	26	19	26	14059.8708	0.003	
60	10	26	20	26	13975.2231	0.003	
61	10	26	21	26	13891.3492	0.003	
62	10	26	23	26	13725.9607	0.003	
63	10	26	24	26	13644.4637	0.003	
64	10	26	25	26	13563.7821	0.003	
65	10	26	26	26	13483.919	0.009	
66	10	26	27	26	13404.8925	0.003	
67	10	26	28	26	13326.7106	0.003	
68	10	26	29	26	13249.3898	0.003	
69	10	26	30	26	13172.939	0.003	
70	10	26	31	26	13097.3781	0.003	
71	10	26	32	26	13022.7083	0.003	
72	10	26	33	26	12948.9494	0.003	
73	10	26	34	26	12876.1217	0.003	
74	10	26	35	26	12804.2335	0.003	
75	10	26	36	26	12733.3036	0.003	
76	10	26	37	26	12663.3544	0.003	
77	10	26	38	26	12594.3931	0.003	
78	10	26	39	26	12526.4504	0.003	
79	10	26	40	26	12459.5332	0.003	
80	10	26	41	26	12393.667	0.003	
81	10	26	42	26	12328.8677	0.003	
82	10	26	71	26	11041.4312	0.009	
83	10	26	72	26	11022.7678	0.009	
84	99	61	33	61	12978.4075	0.003	15805.57
85	99	61	34	61	12906.7481	0.003	
86	99	61	35	61	12836.0553	0.003	
87	99	61	37	61	12697.6438	0.006	
88	99	61	38	61	12629.96	0.003	
89	99	61	39	61	12563.3173	0.003	
90	99	61	40	61	12497.7379	0.003	
91	99	61	41	61	12433.2404	0.003	
92	99	61	42	61	12369.848	0.003	
93	99	61	43	61	12307.5835	0.003	
94	99	61	44	61	12246.4719	0.003	
95	99	61	45	61	12186.5376	0.003	
96	99	61	58	61	11527.96	0.003	
97	99	61	59	61	11487.7847	0.003	
98	99	61	60	61	11449.3022	0.006	
99	99	61	61	61	11412.5632	0.003	
100	99	61	62	61	11377.6164	0.003	
101	99	61	74	61	11115.5301	0.003	
102	99	61	75	61	11108.2294	0.003	
103	11	48	27	48	13417.0118	0.003	15805.51
104	11	48	30	48	13186.7615	0.003	
105	11	48	31	48	13111.7811	0.003	
106	11	48	32	48	13037.7115	0.003	
107	11	48	33	48	12964.5668	0.003	
108	11	48	35	48	12821.1105	0.003	
109	11	48	36	48	12750.8319	0.003	
110	11	48	37	48	12681.5452	0.003	
111	11	48	38	48	12613.2657	0.003	
112	11	48	39	48	12546.0129	0.003	
113	11	48	40	48	12479.808	0.003	
114	11	48	41	48	12414.6704	0.003	
115	11	48	42	48	12350.6208	0.003	
116	11	48	43	48	12287.6829	0.003	
117	11	48	44	48	12225.8793	0.003	
118	11	48	47	48	12047.5182	0.003	
119	11	48	49	48	11934.7561	0.009	
120	11	48	51	48	11827.1662	0.009	
121	11	48	55	48	11628.5413	0.003	
122	11	48	57	48	11538.055	0.003	
123	11	48	58	48	11495.148	0.003	
124	11	48	60	48	11414.2019	0.003	
125	11	48	61	48	11376.2512	0.003	
126	11	48	63	48	11305.6048	0.003	
127	11	48	72	48	11083.1057	0.003	
128	11	48	73	48	11068.8016	0.003	
129	11	48	74	48	11056.6665	0.003	
130	11	48	75	48	11046.687	0.003	
131	11	48	76	48	11038.8374	0.012	
132	99	51	31	51	13180.5629	0.009	15774.00
133	99	51	32	51	13106.602	0.003	
134	99	51	33	51	13033.568	0.009	
135	99	51	35	51	12890.3421	0.003	
136	99	51	36	51	12820.1841	0.003	
137	99	51	37	51	12751.0181	0.003	
138	99	51	40	51	12549.6641	0.003	
139	99	51	41	51	12484.6593	0.003	
140	99	51	42	51	12420.7466	0.003	
141	99	51	43	51	12357.9494	0.003	
142	99	51	44	51	12296.2908	0.003	
143	99	51	45	51	12235.7928	0.003	
144	99	51	46	51	12176.4859	0.003	
145	99	51	47	51	12118.3867	0.009	
146	99	51	59	51	11527.0353	0.006	
147	99	51	60	51	11487.63	0.006	
148	99	51	61	51	11449.9265	0.009	
149	99	51	62	51	11413.9775	0.003	
150	99	51	75	51	11125.4614	0.009	
151	99	51	76	51	11118.1757	0.003	
152	12	53	0	53	15829.7806	0.003	15829.77
153	12	53	1	53	15732.2163	0.003	
154	12	53	2	53	15635.3264	0.003	
155	12	53	3	53	15539.1034	0.003	
156	12	53	4	53	15443.5521	0.003	
157	12	53	5	53	15348.6845	0.003	
158	12	53	6	53	15254.4925	0.003	
159	12	53	8	53	15068.176	0.003	
160	12	53	9	53	14976.0697	0.003	
161	12	53	10	53	14884.6649	0.006	
162	12	53	11	53	14793.9577	0.003	
163	12	53	12	53	14703.976	0.003	
164	12	53	14	53	14526.1764	0.003	
165	12	53	15	53	14438.3767	0.003	
166	12	53	16	53	14351.3234	0.003	
167	12	53	17	53	14265.0108	0.003	
168	12	53	18	53	14179.4586	0.003	
169	12	53	20	53	14010.6698	0.003	
170	12	53	21	53	13927.4463	0.003	
171	12	53	22	53	13845.0076	0.003	
172	12	53	24	53	13682.5683	0.003	
173	12	53	25	53	13602.5766	0.003	
174	12	53	26	53	13523.4151	0.003	
175	12	53	27	53	13445.1065	0.003	
176	12	53	28	53	13367.6518	0.003	
177	12	53	29	53	13291.0726	0.003	
178	12	53	30	53	13215.3783	0.003	
179	12	53	31	53	13140.5865	0.009	
180	12	53	32	53	13066.7016	0.003	
181	12	53	33	53	12993.7452	0.003	
182	12	53	34	53	12921.7313	0.003	
183	12	53	35	53	12850.6791	0.003	
184	12	53	37	53	12711.5258	0.003	
185	12	53	38	53	12643.4585	0.003	
186	12	53	39	53	12576.4211	0.003	
187	12	53	40	53	12510.4414	0.003	
188	12	53	41	53	12445.5309	0.003	
189	12	53	42	53	12381.7154	0.003	
190	12	53	43	53	12319.0143	0.003	
191	12	53	44	53	12257.4535	0.003	
192	12	53	45	53	12197.0663	0.003	
193	12	53	74	53	11101.6437	0.009	
194	12	53	75	53	11092.5561	0.009	
195	99	36	32	36	13127.9613	0.003	15807.23
196	99	36	34	36	12981.8458	0.006	
197	99	36	35	36	12910.2061	0.003	
198	99	36	36	36	12839.5243	0.003	
199	99	36	37	36	12769.8295	0.003	
200	99	36	39	36	12633.4394	0.003	
201	99	36	40	36	12566.7962	0.003	
202	99	36	41	36	12501.2075	0.003	
203	99	36	42	36	12436.6948	0.003	
204	99	36	43	36	12373.2828	0.003	
205	99	36	44	36	12310.9909	0.003	
206	99	36	45	36	12249.8473	0.003	
207	99	36	46	36	12189.8709	0.003	
208	99	36	47	36	12131.0862	0.003	
209	99	36	59	36	11529.6149	0.012	
210	99	36	60	36	11489.171	0.006	
211	99	36	62	36	11413.2809	0.009	
212	99	36	63	36	11377.9509	0.009	
213	99	36	75	36	11104.0679	0.009	
214	99	36	76	36	11094.4819	0.006	
215	99	36	79	38	11075.4123	0.008	
216	15	38	47	38	12200.0453	0.004	15873.86
217	15	38	49	38	12086.3407	0.004	
218	15	38	61	38	11520.7022	0.008	
219	15	38	62	38	11483.7427	0.004	
220	15	38	63	38	11448.5374	0.008	
221	15	38	64	38	11415.128	0.008	
222	15	38	78	38	11154.5672	0.012	
223	15	38	79	38	11150.6544	0.004	
224	15	36	46	36	12260.4149	0.004	15877.79
225	15	36	47	36	12201.6431	0.004	
226	15	36	48	36	12144.0893	0.004	
227	15	36	49	36	12087.7751	0.004	
228	15	36	50	36	12032.7438	0.004	
229	15	36	51	36	11979.0132	0.008	
230	15	36	61	36	11520.9343	0.004	
231	15	36	62	36	11483.8566	0.004	
232	15	36	63	36	11448.5115	0.004	
233	15	36	64	36	11414.9562	0.004	
234	15	36	66	36	11353.3779	0.012	
235	15	36	78	36	11151.6132	0.012	
236	15	36	79	36	11147.4387	0.004	
237	15	35	48	35	12144.8549	0.008	15879.69
238	15	35	62	35	11483.9181	0.012	
239	15	35	78	35	11150.2352	0.008	
240	15	35	79	35	11145.9275	0.004	
241	15	37	47	37	12200.8606	0.004	15875.86
242	15	37	49	37	12087.0682	0.004	
243	15	37	50	37	12032.0838	0.004	
244	15	37	51	37	11978.3951	0.008	
245	15	37	52	37	11926.064	0.008	
246	15	37	61	37	11520.8252	0.004	
247	15	37	64	37	11415.0345	0.004	
248	15	37	66	37	11353.6006	0.012	
249	15	37	78	37	11153.0728	0.012	
250	15	37	79	37	11149.0232	0.004	
251	15	37	79	35	11150.486	0.012	
252	99	38	79	37	10722.1254	0.003	15537.99
253	99	38	79	39	10720.6952	0.003	
254	15	37	79	37	11149.0245	0.003	15875.85
255	11	26	81	28	10980.1177	0.012	15845.11
256	11	31	80	29	10991.8995	0.012	15838.42
257	95	8	77	9	15262.1519	0.009	Ar+4965
258	95	9	77	10	15262.4158	0.006	rotational relaxation
259	95	10	77	11	15262.7077	0.006	
260	95	11	77	12	15263.0319	0.003	
261	95	12	77	13	15263.3865	0.009	
262	95	9	76	10	15271.9969	0.006	
263	95	10	76	11	15272.2502	0.006	
264	95	11	76	12	15272.5387	0.003	
265	95	12	76	13	15272.8512	0.009	
266	95	10	77	9	15263.3442	0.006	
267	95	11	77	10	15263.7261	0.003	
268	95	12	77	11	15264.1434	0.006	
269	95	13	77	12	15264.5887	0.006	
270	95	9	76	8	15272.624	0.006	
271	95	10	76	9	15272.9478	0.006	
272	95	11	76	10	15273.3011	0.003	
273	95	12	76	11	15273.6869	0.009	
274	95	13	76	12	15274.09	0.006	
275	95	14	76	13	15274.5449	0.009	
276	95	16	76	15	15275.5089	0.012	
277	95	8	72	9	15329.5165	0.009	
278	95	9	72	10	15329.6333	0.006	
279	95	10	72	11	15329.7679	0.006	
280	95	11	72	12	15329.9239	0.003	
281	95	12	72	13	15330.0918	0.006	
282	95	13	72	14	15330.2846	0.006	
283	95	9	72	8	15330.486	0.006	
284	95	10	72	9	15330.7013	0.006	
285	95	11	72	10	15330.9407	0.003	
286	95	12	72	11	15331.2005	0.006	
287	95	13	72	12	15331.4806	0.006	
288	95	14	72	13	15331.777	0.009	
289	95	16	72	15	15332.4258	0.009	
290	95	9	78	10	15254.6268	0.009	
291	95	10	78	11	15254.9476	0.009	
292	95	11	78	12	15255.3098	0.003	
293	95	12	78	13	15255.7048	0.009	
294	95	13	78	14	15256.1334	0.009	
295	95	14	78	15	15256.6098	0.012	
296	95	8	78	7	15254.8018	0.012	
297	95	9	78	8	15255.1474	0.009	
298	95	10	78	9	15255.5216	0.009	
299	95	11	78	10	15255.9331	0.003	
300	95	12	78	11	15256.3832	0.009	
301	95	13	78	12	15256.8659	0.009	
302	95	14	78	13	15257.398	0.012	
303	95	9	79	10	15248.4321	0.012	
304	95	10	79	11	15248.7847	0.012	
305	95	11	79	12	15249.1915	0.003	
306	95	12	79	13	15249.6287	0.009	
307	95	13	79	14	15250.1096	0.012	
308	95	8	79	7	15248.5356	0.012	
309	95	9	79	8	15248.8904	0.012	
310	95	10	79	9	15249.2946	0.012	
311	95	11	79	10	15249.7439	0.003	
312	95	12	79	11	15250.2205	0.012	
313	95	13	79	12	15250.7663	0.012	
314	95	14	79	13	15251.301	0.012	
315	201	67	23	66	17966.5041	0.003	Ar+5017
316	201	67	23	68	17952.7546	0.003	
317	201	67	24	66	17886.1857	0.003	
318	201	67	24	68	17872.5184	0.003	
319	201	67	25	66	17806.694	0.009	
320	201	67	25	68	17793.1244	0.012	
321	201	67	26	66	17728.0539	0.003	
322	201	67	26	68	17714.5657	0.003	
323	201	67	28	66	17573.3457	0.003	
324	201	67	28	68	17560.0415	0.003	
325	201	67	30	66	17422.1651	0.003	
326	201	67	30	68	17409.0503	0.003	
327	201	67	32	66	17274.6233	0.003	
328	201	67	32	68	17261.707	0.003	
329	201	67	33	66	17202.2521	0.009	
330	201	67	33	68	17189.4304	0.009	
331	201	67	34	66	17130.8403	0.003	
332	201	67	34	68	17118.1299	0.003	
333	201	67	35	66	17060.3971	0.006	
334	201	67	35	68	17047.791	0.009	
335	201	67	36	66	16990.9496	0.003	
336	201	67	36	68	16978.4548	0.003	
337	201	67	37	66	16922.5065	0.003	
338	201	67	37	68	16910.1232	0.009	
339	201	67	38	66	16855.0969	0.003	
340	201	67	38	68	16842.8243	0.003	
341	201	67	39	66	16788.7253	0.003	
342	201	67	39	68	16776.5791	0.009	
343	201	67	40	66	16723.4297	0.003	
344	201	67	40	68	16711.3947	0.003	
345	201	67	41	66	16659.2247	0.003	
346	201	67	41	68	16647.3181	0.009	
347	201	67	42	66	16596.1264	0.003	
348	201	67	42	68	16584.3407	0.003	
349	201	67	43	66	16534.1569	0.009	
350	201	67	44	66	16473.3686	0.003	
351	201	67	44	68	16461.8461	0.003	
352	201	67	46	66	16355.3551	0.003	
353	201	67	46	68	16344.1096	0.003	
354	201	67	48	66	16242.3054	0.003	
355	201	67	48	68	16231.3521	0.003	
356	201	67	50	66	16134.4513	0.003	
357	201	67	50	68	16123.8122	0.003	
358	201	67	51	66	16082.5534	0.009	
359	201	67	51	68	16072.0786	0.006	
360	201	67	52	66	16032.0337	0.009	
361	201	67	63	66	15579.7442	0.003	
362	201	67	63	68	15571.7755	0.003	
363	201	67	64	66	15549.1503	0.003	
364	201	67	64	68	15541.4532	0.003	
365	201	67	65	66	15520.5225	0.003	
366	201	67	65	68	15513.1113	0.003	
367	201	67	66	66	15493.9142	0.003	
368	201	67	66	68	15486.8055	0.003	
369	201	67	67	66	15469.3805	0.003	
370	201	67	67	68	15462.5897	0.003	
371	201	67	68	66	15446.9729	0.003	
372	201	67	68	68	15440.5287	0.006	
373	201	67	69	66	15426.7516	0.006	
374	201	67	69	68	15420.6602	0.003	
375	201	67	70	66	15408.7693	0.009	
376	201	67	71	66	15393.0778	0.003	
377	201	67	71	68	15387.7816	0.003	
378	201	67	72	66	15379.7371	0.003	
379	201	67	72	68	15374.8923	0.003	
380	201	67	73	66	15368.8043	0.003	
381	201	67	73	68	15364.4611	0.003	
382	201	67	74	66	15360.3647	0.012	
383	201	67	74	68	15356.609	0.003	
384	202	67	22	66	17965.8305	0.003	
385	202	67	22	68	17951.9911	0.003	
386	202	67	23	66	17884.6972	0.003	
387	202	67	23	68	17870.9407	0.003	
388	202	67	24	66	17804.3691	0.009	
389	202	67	24	68	17790.7111	0.009	
390	202	67	25	66	17724.8833	0.003	
391	202	67	25	68	17711.3101	0.003	
392	202	67	27	66	17568.4538	0.003	
393	202	67	27	68	17555.0552	0.003	
394	202	67	28	68	17478.228	0.009	
395	202	67	29	68	17402.2861	0.003	
396	202	67	30	68	17327.2542	0.009	
397	202	67	31	66	17266.1202	0.003	
398	202	67	31	68	17253.1016	0.003	
399	202	67	32	66	17192.8072	0.006	
400	202	67	32	68	17179.8891	0.009	
401	202	67	33	66	17120.4405	0.003	
402	202	67	33	68	17107.6271	0.003	
403	202	67	34	66	17049.0242	0.003	
404	202	67	34	68	17036.317	0.003	
405	202	67	35	66	16978.5938	0.009	
406	202	67	35	68	16965.9819	0.006	
407	202	67	36	66	16909.1395	0.003	
408	202	67	36	68	16896.6422	0.003	
409	202	67	37	66	16840.6982	0.009	
410	202	67	37	68	16828.3122	0.009	
411	202	67	38	66	16773.2817	0.003	
412	202	67	38	68	16761.0128	0.003	
413	202	67	39	68	16694.762	0.009	
414	202	67	40	66	16641.6169	0.003	
415	202	67	40	68	16629.5833	0.003	
416	202	67	42	66	16514.3116	0.003	
417	202	67	42	68	16502.5272	0.003	
418	202	67	43	68	16440.6977	0.012	
419	202	67	44	66	16391.5564	0.003	
420	202	67	44	68	16380.0312	0.003	
421	202	67	45	66	16331.9394	0.012	
422	202	67	45	68	16320.5567	0.009	
423	202	67	46	66	16273.5399	0.003	
424	202	67	46	68	16262.297	0.006	
425	202	67	47	66	16216.3854	0.009	
426	202	67	48	66	16160.4926	0.009	
427	202	67	48	68	16149.5358	0.009	
428	202	67	49	66	16105.9025	0.006	
429	202	67	49	68	16095.1066	0.003	
430	202	67	61	66	15564.8113	0.012	
431	202	67	61	68	15556.3311	0.006	
432	202	67	62	66	15530.4383	0.003	
433	202	67	62	68	15522.2105	0.003	
434	202	67	63	66	15497.9309	0.003	
435	202	67	63	68	15489.9614	0.003	
436	202	67	64	66	15467.3386	0.003	
437	202	67	64	68	15459.6395	0.003	
438	202	67	65	66	15438.7106	0.003	
439	202	67	65	68	15431.2994	0.003	
440	202	67	67	66	15387.5681	0.003	
441	202	67	67	68	15380.7783	0.003	
442	202	67	68	68	15358.7106	0.003	
443	202	67	69	66	15344.9407	0.003	
444	202	67	69	68	15338.8503	0.003	
445	202	67	70	66	15326.9566	0.003	
446	202	67	70	68	15321.2478	0.003	
447	202	67	71	66	15311.2657	0.003	
448	202	67	71	68	15305.9706	0.003	
449	202	67	72	66	15297.9279	0.009	
450	202	67	72	68	15293.0784	0.003	
451	202	67	74	66	15278.5569	0.009	
452	202	67	75	66	15272.7653	0.009	
453	301	147	2	146	18696.4393	0.01	NdYAG
454	301	147	2	148	18664.5549	0.01	
455	301	147	3	146	18604.8604	0.01	
456	301	147	3	148	18573.1408	0.01	
457	301	147	4	146	18513.9906	0.01	
458	301	147	4	148	18482.4411	0.02	
459	301	147	7	146	18245.837	0.01	
460	301	147	7	148	18214.7219	0.02	
461	301	147	10	146	17984.4051	0.01	
462	301	147	10	148	17953.7805	0.03	
463	301	147	13	146	17729.9088	0.03	
464	301	147	13	148	17699.8393	0.03	
465	301	147	17	146	17401.8831	0.03	
466	301	147	17	148	17372.492	0.04	
467	301	147	19	146	17242.8792	0.03	
468	301	147	19	148	17213.8781	0.03	
469	301	147	51	146	15278.3063	0.01	
470	301	147	51	148	15258.8955	0.01	
471	301	147	52	146	15240.3884	0.01	
472	301	147	52	148	15221.4952	0.03	
473	301	147	53	146	15204.479	0.03	
474	301	147	53	148	15186.1719	0.01	
475	302	21	2	20	18885.5637	0.01	
476	302	21	2	22	18880.6311	0.01	
477	302	21	3	22	18783.8465	0.01	
478	302	21	4	20	18692.6162	0.01	
479	302	21	4	22	18687.7252	0.01	
480	302	21	5	20	18597.1426	0.01	
481	302	21	5	22	18592.272	0.01	
482	302	21	6	20	18502.3462	0.01	
483	302	21	6	22	18497.5063	0.01	
484	302	21	9	20	18222.0711	0.01	
485	302	21	9	22	18217.2859	0.01	
486	302	21	10	20	18130.0273	0.01	
487	302	21	10	22	18125.2664	0.01	
488	302	21	11	20	18038.6831	0.01	
489	302	21	13	20	17858.136	0.01	
490	302	21	14	20	17768.9323	0.01	
491	302	21	14	22	17764.2718	0.01	
492	302	21	15	20	17680.455	0.01	
493	302	21	15	22	17675.815	0.01	
494	302	21	17	22	17501.1311	0.01	
495	302	21	19	20	17333.9839	0.01	
496	302	21	19	22	17329.4257	0.01	
497	302	21	21	22	17160.7913	0.01	
498	302	21	22	22	17077.6359	0.01	
499	302	21	23	20	16999.7121	0.02	
500	302	21	24	22	16913.7219	0.03	
501	302	21	25	20	16837.3597	0.01	
502	302	21	26	22	16753.0527	0.01	
503	302	21	27	20	16678.2942	0.03	
504	302	21	28	20	16600.0249	0.01	
505	302	21	28	22	16595.6998	0.01	
506	302	21	29	20	16522.6005	0.01	
507	302	21	29	22	16518.3197	0.01	
508	302	21	30	20	16446.0522	0.02	
509	302	21	30	22	16441.8134	0.01	
510	302	21	32	22	16291.4379	0.01	
511	302	21	33	20	16221.7504	0.01	
512	302	21	33	22	16217.5968	0.01	
513	302	21	35	20	16076.8068	0.02	
514	302	21	35	22	16072.7214	0.01	
515	302	21	42	20	15600.6349	0.04	
516	302	21	42	22	15596.8047	0.04	
517	302	21	43	20	15536.8038	0.02	
518	302	21	43	22	15533.0049	0.02	
519	302	21	45	20	15412.4967	0.01	
520	302	21	45	22	15408.7762	0.01	
521	302	21	46	20	15352.0641	0.01	
522	302	21	46	22	15348.3906	0.01	
523	302	21	48	20	15234.7835	0.01	
524	302	21	48	22	15231.1977	0.01	
525	302	21	49	20	15177.9746	0.01	
526	302	21	51	20	15068.1923	0.01	
527	302	21	51	22	15064.7397	0.01	
528	303	30	3	29	18691.9768	0.03	
529	303	30	3	31	18685.0387	0.01	
530	303	30	4	29	18595.9487	0.01	
531	303	30	4	31	18589.0151	0.01	
532	303	30	5	29	18500.5908	0.01	
533	303	30	5	31	18493.7	0.01	
534	303	30	6	29	18405.9119	0.01	
535	303	30	6	31	18399.0424	0.01	
536	303	30	7	29	18311.9071	0.01	
537	303	30	7	31	18305.0726	0.01	
538	303	30	8	29	18218.6022	0.01	
539	303	30	8	31	18211.7955	0.01	
540	303	30	11	29	17942.8334	0.01	
541	303	30	11	31	17936.105	0.01	
542	303	30	12	29	17852.3115	0.01	
543	303	30	12	31	17845.6346	0.01	
544	303	30	13	29	17762.5163	0.01	
545	303	30	13	31	17755.877	0.01	
546	303	30	15	29	17585.0957	0.03	
547	303	30	15	31	17578.4926	0.02	
548	303	30	16	29	17497.4708	0.01	
549	303	30	16	31	17490.9163	0.01	
550	303	30	17	29	17410.5932	0.01	
551	303	30	17	31	17404.078	0.01	
552	303	30	18	29	17324.4742	0.01	
553	303	30	18	31	17318.007	0.03	
554	303	30	20	29	17154.5176	0.01	
555	303	30	20	31	17148.1068	0.01	
556	303	30	21	29	17070.6861	0.01	
557	303	30	21	31	17064.3079	0.01	
558	303	30	22	29	16987.6435	0.02	
559	303	30	22	31	16981.3272	0.03	
560	303	30	24	29	16823.9655	0.01	
561	303	30	24	31	16817.6979	0.01	
562	303	30	25	29	16743.3331	0.01	
563	303	30	25	31	16737.1165	0.01	
564	303	30	26	29	16663.5009	0.03	
565	303	30	26	31	16657.3555	0.04	
566	303	30	28	29	16506.4324	0.01	
567	303	30	28	31	16500.3386	0.01	
568	303	30	29	29	16429.1682	0.01	
569	303	30	29	31	16423.1054	0.01	
570	303	30	32	29	16202.6572	0.01	
571	303	30	32	31	16196.7335	0.01	
572	303	30	33	29	16128.9744	0.01	
573	303	30	33	31	16123.0741	0.02	
574	303	30	42	29	15509.5044	0.03	
575	303	30	42	31	15504.0674	0.02	
576	303	30	43	29	15445.8776	0.01	
577	303	30	43	31	15440.4922	0.01	
578	303	30	44	29	15383.3574	0.02	
579	303	30	44	31	15378.048	0.01	
580	303	30	46	29	15261.788	0.01	
581	303	30	46	31	15256.5968	0.01	
582	303	30	47	29	15202.7741	0.01	
583	303	30	47	31	15197.6394	0.01	
584	303	30	48	29	15144.975	0.01	
585	303	30	48	31	15139.8999	0.01	
586	303	30	49	29	15088.4091	0.01	
587	303	30	49	31	15083.4074	0.01	
588	304	48	2	47	18799.3768	0.04	
589	304	48	3	47	18703.0009	0.01	
590	304	48	3	49	18691.9844	0.01	
591	304	48	4	47	18607.3033	0.01	
592	304	48	4	49	18596.3174	0.01	
593	304	48	5	47	18512.2794	0.01	
594	304	48	5	49	18501.3575	0.01	
595	304	48	6	47	18417.9287	0.01	
596	304	48	6	49	18407.06	0.01	
597	304	48	7	47	18324.2768	0.01	
598	304	48	7	49	18313.4599	0.01	
599	304	48	8	47	18231.3252	0.01	
600	304	48	8	49	18220.5462	0.02	
601	304	48	10	47	18047.4811	0.01	
602	304	48	10	49	18036.805	0.01	
603	304	48	11	47	17956.6308	0.01	
604	304	48	11	49	17945.9926	0.01	
605	304	48	12	47	17866.488	0.01	
606	304	48	12	49	17855.8999	0.01	
607	304	48	14	47	17688.3491	0.04	
608	304	48	14	49	17677.8579	0.03	
609	304	48	15	47	17600.3866	0.01	
610	304	48	15	49	17589.9718	0.01	
611	304	48	16	47	17513.1581	0.01	
612	304	48	16	49	17502.7916	0.01	
613	304	48	17	47	17426.6805	0.03	
614	304	48	17	49	17416.402	0.04	
615	304	48	19	47	17255.9968	0.01	
616	304	48	19	49	17245.7994	0.01	
617	304	48	20	47	17171.8024	0.01	
618	304	48	20	49	17161.6748	0.01	
619	304	48	23	47	16923.9488	0.01	
620	304	48	23	49	16913.9962	0.01	
621	304	48	24	47	16842.9468	0.01	
622	304	48	24	49	16833.0489	0.01	
623	304	48	27	47	16604.9044	0.01	
624	304	48	27	49	16595.2013	0.01	
625	304	48	28	47	16527.2319	0.03	
626	304	48	28	49	16517.5921	0.03	
627	304	48	30	47	16374.5505	0.02	
628	304	48	30	49	16365.029	0.01	
629	304	48	31	47	16299.5196	0.01	
630	304	48	31	49	16290.0818	0.01	
631	304	48	34	47	16079.9882	0.01	
632	304	48	34	49	16070.7646	0.01	
633	304	48	42	47	15537.9467	0.04	
634	304	48	42	49	15529.3588	0.03	
635	304	48	43	47	15474.9405	0.04	
636	304	48	43	49	15466.4878	0.03	
637	304	48	44	47	15413.1144	0.01	
638	304	48	44	49	15404.7222	0.01	
639	304	48	45	47	15352.4128	0.01	
640	304	48	45	49	15344.1248	0.02	
641	304	48	47	47	15234.6082	0.01	
642	304	48	47	49	15226.5188	0.01	
643	304	48	48	47	15177.538	0.01	
644	304	48	48	49	15169.5544	0.01	
645	304	48	49	47	15121.7345	0.01	
646	304	48	49	49	15113.851	0.01	
647	304	48	50	47	15067.2255	0.01	
648	304	48	50	49	15059.4694	0.02	
649	305	31	0	30	19553.6907	0.02	
650	305	31	0	32	19546.4144	0.01	
651	305	31	1	30	19455.6711	0.01	
652	305	31	1	32	19448.4272	0.01	
653	305	31	3	30	19261.6706	0.03	
654	305	31	3	32	19254.4499	0.03	
655	305	31	6	30	18975.6119	0.02	
656	305	31	6	32	18968.5104	0.03	
657	305	31	9	30	18695.7184	0.04	
658	305	31	9	32	18688.7384	0.04	
659	305	31	57	30	15255.141	0.01	
660	305	31	57	32	15250.6012	0.01	
661	305	31	58	30	15211.1782	0.01	
662	305	31	58	32	15206.7546	0.01	
663	305	31	60	30	15128.0458	0.02	
664	305	31	60	32	15123.7825	0.03	
665	306	68	2	69	18772.9566	0.04	
666	306	68	3	67	18692.684	0.01	
667	306	68	3	69	18677.2154	0.01	
668	306	68	4	67	18597.5511	0.01	
669	306	68	4	69	18582.1444	0.01	
670	306	68	5	67	18503.0812	0.01	
671	306	68	5	69	18487.7594	0.01	
672	306	68	6	67	18409.3238	0.01	
673	306	68	6	69	18394.0604	0.01	
674	306	68	7	67	18316.249	0.01	
675	306	68	7	69	18301.0578	0.01	
676	306	68	9	67	18132.1961	0.01	
677	306	68	9	69	18117.1463	0.01	
678	306	68	10	67	18041.237	0.01	
679	306	68	10	69	18026.2535	0.01	
680	306	68	11	67	17950.9777	0.01	
681	306	68	11	69	17936.0793	0.01	
682	306	68	15	67	17597.2342	0.01	
683	306	68	15	69	17582.6401	0.01	
684	306	68	18	67	17339.7772	0.01	
685	306	68	18	69	17325.4189	0.01	
686	306	68	19	67	17255.5042	0.01	
687	306	68	19	69	17241.2103	0.01	
688	306	68	22	67	17007.3616	0.01	
689	306	68	22	69	16993.3217	0.01	
690	306	68	23	67	16926.2448	0.01	
691	306	68	23	69	16912.3129	0.01	
692	306	68	25	67	16766.5453	0.02	
693	306	68	25	69	16752.7826	0.02	
694	306	68	26	67	16687.9585	0.01	
695	306	68	26	69	16674.2701	0.01	
696	306	68	29	67	16457.3278	0.01	
697	306	68	29	69	16443.9263	0.01	
698	306	68	30	67	16382.2317	0.02	
699	306	68	30	69	16368.9246	0.02	
700	306	68	32	67	16234.7792	0.02	
701	306	68	32	69	16221.6845	0.02	
702	306	68	33	67	16162.469	0.02	
703	306	68	33	69	16149.4756	0.02	
704	306	68	42	67	15556.8752	0.02	
705	306	68	42	69	15544.9272	0.02	
706	306	68	45	67	15374.7038	0.01	
707	306	68	45	69	15363.1527	0.01	
708	306	68	46	67	15316.3565	0.02	
709	306	68	46	69	15304.9707	0.03	
710	306	68	48	67	15203.4548	0.01	
711	306	68	48	69	15192.3561	0.01	
712	306	68	49	67	15148.9335	0.01	
713	306	68	49	69	15137.9949	0.01	
714	306	68	50	67	15095.759	0.01	
715	306	68	50	69	15084.9706	0.01	
716	307	2	2	1	18981.631	0.01	
717	307	2	2	3	18981.079	0.02	
718	307	2	3	1	18884.7239	0.01	
719	307	2	3	3	18884.1725	0.01	
720	307	2	7	1	18503.7858	0.03	
721	307	2	7	3	18503.2398	0.01	
722	307	2	8	1	18410.2511	0.01	
723	307	2	8	3	18409.7172	0.02	
724	307	2	15	1	17775.1456	0.03	
725	307	2	15	3	17774.6391	0.03	
726	307	2	19	1	17428.1951	0.02	
727	307	2	19	3	17427.6979	0.03	
728	307	2	23	1	17093.4264	0.03	
729	307	2	23	3	17092.9354	0.03	
730	307	2	26	1	16850.7235	0.03	
731	307	2	26	3	16850.238	0.03	
732	307	2	29	1	16615.5118	0.03	
733	307	2	29	3	16615.0265	0.04	
734	307	2	48	1	15324.3314	0.03	
735	307	2	48	3	15323.9261	0.04	
736	307	2	50	1	15211.5315	0.01	
737	307	2	50	3	15211.1367	0.02	
738	307	2	52	1	15103.8892	0.01	
739	307	2	52	3	15103.4836	0.02	
740	308	17	2	16	18888.8796	0.01	
741	308	17	2	18	18884.8575	0.01	
742	308	17	3	16	18792.0336	0.01	
743	308	17	4	16	18695.8545	0.01	
744	308	17	4	18	18691.8744	0.01	
745	308	17	5	16	18600.3498	0.01	
746	308	17	5	18	18596.394	0.01	
747	308	17	6	16	18505.527	0.01	
748	308	17	6	18	18501.5701	0.01	
749	308	17	7	16	18411.355	0.01	
750	308	17	7	18	18407.4276	0.02	
751	308	17	9	16	18225.1281	0.01	
752	308	17	9	18	18221.2369	0.01	
753	308	17	10	16	18133.0463	0.01	
754	308	17	10	18	18129.1761	0.01	
755	308	17	11	16	18041.6776	0.01	
756	308	17	11	18	18037.8192	0.01	
757	308	17	13	16	17861.0526	0.01	
758	308	17	13	18	17857.2195	0.01	
759	308	17	14	16	17771.8082	0.01	
760	308	17	14	18	17768.0061	0.01	
761	308	17	15	16	17683.2927	0.01	
762	308	17	15	18	17679.5082	0.01	
763	308	17	17	16	17508.4845	0.01	
764	308	17	17	18	17504.7243	0.01	
765	308	17	18	16	17422.1741	0.01	
766	308	17	18	18	17418.4594	0.01	
767	308	17	19	16	17336.6405	0.01	
768	308	17	19	18	17332.937	0.01	
769	308	17	21	16	17167.8487	0.01	
770	308	17	21	18	17164.1928	0.01	
771	308	17	22	16	17084.6306	0.01	
772	308	17	22	18	17080.9973	0.01	
773	308	17	23	16	17002.2205	0.03	
774	308	17	23	18	16998.5649	0.03	
775	308	17	25	16	16839.7515	0.01	
776	308	17	25	18	16836.1803	0.01	
777	308	17	26	16	16759.745	0.01	
778	308	17	26	18	16756.1984	0.01	
779	308	17	28	16	16602.2711	0.01	
780	308	17	28	18	16598.7584	0.01	
781	308	17	29	16	16524.7967	0.01	
782	308	17	29	18	16521.3135	0.01	
783	308	17	30	16	16448.1879	0.02	
784	308	17	30	18	16444.7307	0.02	
785	308	17	32	16	16297.6675	0.01	
786	308	17	32	18	16294.2489	0.01	
787	308	17	33	16	16223.7389	0.01	
788	308	17	33	18	16220.3564	0.01	
789	308	17	35	16	16078.6978	0.01	
790	308	17	35	18	16075.3656	0.01	
791	308	17	43	16	15538.1896	0.02	
792	308	17	43	18	15535.0984	0.01	
793	308	17	45	16	15413.7272	0.01	
794	308	17	45	18	15410.7048	0.01	
795	308	17	46	16	15353.2241	0.01	
796	308	17	46	18	15350.2366	0.01	
797	308	17	48	16	15235.7793	0.01	
798	308	17	48	18	15232.8604	0.01	
799	308	17	49	16	15178.9002	0.01	
800	308	17	49	18	15176.0205	0.01	
801	308	17	50	16	15123.2813	0.01	
802	308	17	50	18	15120.4266	0.01	
803	308	17	51	16	15068.9399	0.01	
804	308	17	51	18	15066.1374	0.01	
805	309	44	1	43	18992.1474	0.01	
806	309	44	1	45	18981.9357	0.01	
807	309	44	3	43	18798.5632	0.01	
808	309	44	4	43	18702.7803	0.01	
809	309	44	4	45	18692.7062	0.01	
810	309	44	5	43	18607.6776	0.01	
811	309	44	5	45	18597.6328	0.01	
812	309	44	6	43	18513.2461	0.01	
813	309	44	6	45	18503.2487	0.01	
814	309	44	8	43	18326.4422	0.01	
815	309	44	8	45	18316.552	0.01	
816	309	44	9	43	18234.0891	0.01	
817	309	44	9	45	18224.2277	0.01	
818	309	44	10	43	18142.4307	0.01	
819	309	44	10	45	18132.6141	0.01	
820	309	44	12	43	17961.2266	0.01	
821	309	44	12	45	17951.5149	0.01	
822	309	44	13	43	17871.7017	0.01	
823	309	44	13	45	17862.0313	0.01	
824	309	44	14	43	17782.9015	0.01	
825	309	44	14	45	17773.2739	0.01	
826	309	44	16	43	17607.5011	0.01	
827	309	44	16	45	17597.9798	0.01	
828	309	44	17	43	17520.9216	0.01	
829	309	44	17	45	17511.4553	0.01	
830	309	44	18	43	17435.0968	0.01	
831	309	44	18	45	17425.6674	0.01	
832	309	44	20	43	17265.7155	0.01	
833	309	44	20	45	17256.4146	0.01	
834	309	44	21	43	17182.2039	0.01	
835	309	44	21	45	17172.9509	0.01	
836	309	44	22	43	17099.4882	0.02	
837	309	44	22	45	17090.2758	0.04	
838	309	44	23	43	17017.5456	0.01	
839	309	44	23	45	17008.395	0.01	
840	309	44	24	43	16936.4261	0.01	
841	309	44	24	45	16927.3297	0.01	
842	309	44	25	43	16856.1288	0.01	
843	309	44	25	45	16847.0952	0.01	
844	309	44	27	43	16698.0174	0.01	
845	309	44	27	45	16689.0935	0.01	
846	309	44	28	43	16620.2261	0.01	
847	309	44	28	45	16611.3665	0.01	
848	309	44	30	43	16467.2845	0.01	
849	309	44	30	45	16458.5486	0.01	
850	309	44	31	43	16392.1436	0.01	
851	309	44	31	45	16383.4734	0.01	
852	309	44	32	43	16317.9032	0.01	
853	309	44	32	45	16309.2941	0.03	
854	309	44	33	43	16244.5781	0.03	
855	309	44	33	45	16236.0506	0.02	
856	309	44	34	43	16172.2112	0.01	
857	309	44	34	45	16163.7375	0.01	
858	309	44	35	43	16100.7868	0.01	
859	309	44	35	45	16092.3709	0.01	
860	309	44	43	43	15565.7654	0.01	
861	309	44	43	45	15557.9853	0.01	
862	309	44	44	43	15503.7534	0.01	
863	309	44	44	45	15496.0414	0.01	
864	309	44	46	43	15383.1778	0.01	
865	309	44	46	45	15375.6463	0.01	
866	309	44	47	43	15324.6956	0.01	
867	309	44	47	45	15317.2509	0.01	
868	309	44	49	43	15211.4241	0.01	
869	309	44	49	45	15204.1776	0.01	
870	309	44	50	43	15156.7075	0.01	
871	309	44	50	45	15149.5678	0.01	
872	309	44	51	43	15103.3119	0.01	
873	309	44	51	45	15096.2672	0.01	
874	309	44	52	43	15051.2571	0.01	
875	309	44	52	45	15044.3372	0.02	
876	310	61	1	60	18994.7165	0.03	
877	310	61	1	62	18980.7251	0.03	
878	310	61	2	60	18898.0443	0.01	
879	310	61	2	62	18884.075	0.01	
880	310	61	3	60	18802.0206	0.01	
881	310	61	4	60	18706.6541	0.01	
882	310	61	4	62	18692.8124	0.02	
883	310	61	8	60	18332.0888	0.01	
884	310	61	8	62	18318.4796	0.02	
885	310	61	12	60	17968.7091	0.02	
886	310	61	12	62	17955.3765	0.01	
887	310	61	16	60	17616.9352	0.02	
888	310	61	16	62	17603.8684	0.01	
889	310	61	18	60	17445.5476	0.01	
890	310	61	18	62	17432.6186	0.01	
891	310	61	19	60	17360.9984	0.01	
892	310	61	19	62	17348.1401	0.03	
893	310	61	21	60	17194.2373	0.01	
894	310	61	21	62	17181.5131	0.04	
895	310	61	32	60	16336.417	0.03	
896	310	61	32	62	16324.6296	0.03	
897	310	61	34	60	16192.0828	0.02	
898	310	61	34	62	16180.4628	0.04	
899	310	61	44	60	15531.267	0.02	
900	310	61	44	62	15520.7471	0.03	
901	310	61	45	60	15471.2798	0.03	
902	310	61	45	62	15460.8586	0.03	
903	310	61	47	60	15354.9148	0.01	
904	310	61	47	62	15344.7666	0.02	
905	310	61	48	60	15298.6066	0.02	
906	310	61	48	62	15288.587	0.03	
907	310	61	50	60	15189.8867	0.01	
908	310	61	50	62	15180.1329	0.01	
909	310	61	51	60	15137.5244	0.01	
910	310	61	51	62	15127.9271	0.01	
911	310	61	52	60	15086.5471	0.01	
912	310	61	52	62	15077.1103	0.02	
913	311	6	1	5	19078.8172	0.02	
914	311	6	1	7	19077.3233	0.02	
915	311	6	2	5	18981.2525	0.01	
916	311	6	2	7	18979.755	0.01	
917	311	6	3	5	18884.3486	0.01	
918	311	6	3	7	18882.8549	0.01	
919	311	6	4	7	18786.6205	0.01	
920	311	6	5	5	18692.5374	0.01	
921	311	6	5	7	18691.0571	0.01	
922	311	6	7	5	18503.4396	0.01	
923	311	6	7	7	18501.9794	0.01	
924	311	6	8	5	18409.9102	0.01	
925	311	6	8	7	18408.4554	0.01	
926	311	6	9	5	18317.0894	0.01	
927	311	6	9	7	18315.6288	0.01	
928	311	6	11	5	18133.5038	0.01	
929	311	6	11	7	18132.0636	0.01	
930	311	6	12	5	18042.764	0.01	
931	311	6	12	7	18041.332	0.01	
932	311	6	13	5	17952.7401	0.03	
933	311	6	13	7	17951.3299	0.02	
934	311	6	15	5	17774.8439	0.01	
935	311	6	15	7	17773.4427	0.01	
936	311	6	16	5	17687.01	0.01	
937	311	6	16	7	17685.5948	0.01	
938	311	6	19	5	17427.924	0.01	
939	311	6	19	7	17426.5409	0.01	
940	311	6	20	5	17343.0693	0.01	
941	311	6	20	7	17341.7115	0.01	
942	311	6	22	5	17175.7068	0.01	
943	311	6	22	7	17174.348	0.02	
944	311	6	23	5	17093.2068	0.01	
945	311	6	23	7	17091.8495	0.01	
946	311	6	26	5	16850.5408	0.01	
947	311	6	26	7	16849.196	0.01	
948	311	6	29	5	16615.3243	0.01	
949	311	6	29	7	16614.0268	0.01	
950	311	6	30	5	16538.6345	0.02	
951	311	6	30	7	16537.35	0.01	
952	311	6	32	5	16387.9178	0.03	
953	311	6	32	7	16386.657	0.03	
954	311	6	33	5	16313.9365	0.01	
955	311	6	33	7	16312.6646	0.02	
956	311	6	35	5	16168.699	0.04	
957	311	6	35	7	16167.4399	0.03	
958	311	6	36	5	16097.4857	0.02	
959	311	6	36	7	16096.2699	0.02	
960	311	6	44	5	15564.4255	0.03	
961	311	6	44	7	15563.2841	0.04	
962	311	6	45	5	15502.6689	0.01	
963	311	6	45	7	15501.5439	0.01	
964	311	6	47	5	15382.607	0.01	
965	311	6	47	7	15381.5095	0.03	
966	311	6	48	5	15324.3568	0.01	
967	311	6	48	7	15323.2725	0.01	
968	311	6	50	5	15211.5832	0.01	
969	311	6	50	7	15210.5264	0.01	
970	311	6	51	5	15157.1077	0.01	
971	311	6	51	7	15156.0766	0.01	
972	311	6	52	5	15103.9531	0.01	
973	311	6	52	7	15102.9311	0.01	
974	312	85	2	84	18903.1065	0.04	
975	312	85	2	86	18883.8569	0.03	
976	312	85	3	84	18807.9238	0.02	
977	312	85	51	84	15205.2464	0.02	
978	312	85	51	86	15192.2707	0.02	
979	312	85	52	84	15156.4854	0.02	
980	312	85	52	86	15143.7244	0.02	
981	313	58	0	57	19187.7902	0.04	
982	313	58	0	59	19174.3471	0.03	
983	313	58	1	57	19090.3343	0.01	
984	313	58	1	59	19076.9617	0.01	
985	313	58	2	57	18993.5476	0.01	
986	313	58	2	59	18980.2376	0.01	
987	313	58	3	57	18897.4314	0.01	
988	313	58	3	59	18884.1774	0.01	
989	313	58	4	57	18801.9857	0.01	
990	313	58	6	57	18613.1503	0.01	
991	313	58	6	59	18600.0689	0.01	
992	313	58	7	59	18506.7326	0.01	
993	313	58	8	57	18427.0563	0.01	
994	313	58	8	59	18414.1036	0.01	
995	313	58	10	57	18243.7551	0.01	
996	313	58	10	59	18230.922	0.01	
997	313	58	11	57	18153.1758	0.01	
998	313	58	11	59	18140.395	0.01	
999	313	58	13	57	17974.1707	0.02	
1000	313	58	13	59	17961.5232	0.02	
1001	313	58	14	57	17885.7604	0.01	
1002	313	58	14	59	17873.1751	0.01	
1003	313	58	15	57	17798.0765	0.01	
1004	313	58	15	59	17785.5594	0.02	
1005	313	58	17	57	17624.959	0.01	
1006	313	58	17	59	17612.5826	0.01	
1007	313	58	18	57	17539.5467	0.01	
1008	313	58	18	59	17527.2289	0.01	
1009	313	58	20	57	17371.0259	0.01	
1010	313	58	20	59	17358.825	0.01	
1011	313	58	21	57	17287.9369	0.01	
1012	313	58	21	59	17275.824	0.01	
1013	313	58	24	57	17043.4538	0.01	
1014	313	58	24	59	17031.5677	0.01	
1015	313	58	26	57	16884.5957	0.04	
1016	313	58	26	59	16872.8721	0.04	
1017	313	58	27	57	16806.4348	0.01	
1018	313	58	27	59	16794.7827	0.01	
1019	313	58	30	57	16577.1815	0.01	
1020	313	58	30	59	16565.7568	0.01	
1021	313	58	31	57	16502.5279	0.04	
1022	313	58	31	59	16491.1999	0.03	
1023	313	58	33	57	16356.029	0.01	
1024	313	58	33	59	16344.8668	0.01	
1025	313	58	36	57	16143.4011	0.01	
1026	313	58	36	59	16132.528	0.01	
1027	313	58	46	57	15502.6738	0.02	
1028	313	58	46	59	15492.8421	0.04	
1029	313	58	47	57	15444.9315	0.01	
1030	313	58	47	59	15435.2337	0.01	
1031	313	58	49	57	15333.2108	0.01	
1032	313	58	49	59	15323.7812	0.01	
1033	313	58	50	57	15279.3073	0.03	
1034	313	58	50	59	15269.9958	0.04	
1035	313	58	51	57	15226.7321	0.01	
1036	313	58	51	59	15217.5766	0.01	
1037	313	58	52	57	15175.5477	0.01	
1038	313	58	52	59	15166.5268	0.01	
1039	313	58	53	57	15125.7639	0.01	
1040	313	58	53	59	15116.8996	0.01	
1041	313	58	55	57	15030.5492	0.03	
1042	313	58	55	59	15022.0052	0.03	
1043	314	5	1	4	19078.9975	0.01	
1044	314	5	1	6	19077.7351	0.01	
1045	314	5	2	4	18981.4329	0.01	
1046	314	5	2	6	18980.1666	0.01	
1047	314	5	3	4	18884.5231	0.01	
1048	314	5	3	6	18883.2613	0.01	
1049	314	5	4	6	18787.0358	0.01	
1050	314	5	5	4	18692.7268	0.01	
1051	314	5	5	6	18691.4776	0.01	
1052	314	5	7	4	18503.622	0.02	
1053	314	5	7	6	18502.363	0.01	
1054	314	5	8	4	18410.0769	0.01	
1055	314	5	8	6	18408.8553	0.01	
1056	314	5	9	4	18317.2476	0.01	
1057	314	5	9	6	18316.0031	0.01	
1058	314	5	11	4	18133.6585	0.01	
1059	314	5	11	6	18132.4374	0.01	
1060	314	5	12	4	18042.9094	0.01	
1061	314	5	12	6	18041.712	0.01	
1062	314	5	13	4	17952.8495	0.03	
1063	314	5	13	6	17951.7005	0.02	
1064	314	5	15	4	17774.9964	0.02	
1065	314	5	15	6	17773.802	0.01	
1066	314	5	16	4	17687.1431	0.01	
1067	314	5	16	6	17685.9588	0.01	
1068	314	5	18	4	17513.681	0.04	
1069	314	5	18	6	17512.486	0.03	
1070	314	5	19	4	17428.0593	0.01	
1071	314	5	19	6	17426.9042	0.01	
1072	314	5	20	4	17343.2102	0.01	
1073	314	5	20	6	17342.0469	0.03	
1074	314	5	22	4	17175.8266	0.02	
1075	314	5	22	6	17174.6962	0.03	
1076	314	5	27	4	16771.3768	0.04	
1077	314	5	27	6	16770.2801	0.04	
1078	314	5	29	4	16615.4362	0.02	
1079	314	5	29	6	16614.336	0.02	
1080	314	5	30	4	16538.7481	0.03	
1081	314	5	30	6	16537.6516	0.03	
1082	314	5	32	4	16388.0131	0.02	
1083	314	5	32	6	16386.9264	0.02	
1084	314	5	33	4	16313.9924	0.02	
1085	314	5	33	6	16312.9268	0.02	
1086	314	5	35	4	16168.7734	0.02	
1087	314	5	35	6	16167.7146	0.04	
1088	314	5	44	4	15564.4482	0.03	
1089	314	5	44	6	15563.5086	0.04	
1090	314	5	47	4	15382.6153	0.01	
1091	314	5	47	6	15381.6806	0.02	
1092	314	5	48	4	15324.3808	0.01	
1093	314	5	48	6	15323.4614	0.01	
1094	314	5	50	4	15211.5906	0.01	
1095	314	5	50	6	15210.6966	0.01	
1096	314	5	51	4	15157.1123	0.01	
1097	314	5	51	6	15156.2411	0.01	
1098	314	5	52	4	15103.9512	0.01	
1099	314	5	52	6	15103.0921	0.01	
1100	315	40	0	39	19185.4811	0.02	
1101	315	40	0	41	19176.1612	0.02	
1102	315	40	1	39	19087.6182	0.01	
1103	315	40	1	41	19078.3125	0.01	
1104	315	40	2	39	18990.4161	0.01	
1105	315	40	2	41	18981.1486	0.01	
1106	315	40	3	39	18893.877	0.01	
1107	315	40	3	41	18884.6561	0.01	
1108	315	40	4	39	18798.0072	0.01	
1109	315	40	5	39	18702.8207	0.01	
1110	315	40	5	41	18693.6805	0.01	
1111	315	40	6	39	18608.3049	0.01	
1112	315	40	6	41	18599.195	0.01	
1113	315	40	7	39	18514.4665	0.01	
1114	315	40	7	41	18505.4107	0.01	
1115	315	40	8	39	18421.3371	0.01	
1116	315	40	8	41	18412.3086	0.01	
1117	315	40	9	39	18328.8867	0.01	
1118	315	40	9	41	18319.9109	0.01	
1119	315	40	10	39	18237.1385	0.01	
1120	315	40	10	41	18228.1995	0.01	
1121	315	40	11	39	18146.1021	0.01	
1122	315	40	11	41	18137.2018	0.01	
1123	315	40	12	39	18055.7695	0.01	
1124	315	40	12	41	18046.9198	0.01	
1125	315	40	14	39	17877.268	0.01	
1126	315	40	14	41	17868.4971	0.01	
1127	315	40	15	39	17789.1065	0.01	
1128	315	40	15	41	17780.3834	0.01	
1129	315	40	16	39	17701.6879	0.01	
1130	315	40	16	41	17693.012	0.01	
1131	315	40	17	39	17614.9902	0.01	
1132	315	40	17	41	17606.3689	0.01	
1133	315	40	18	39	17529.0698	0.01	
1134	315	40	18	41	17520.4974	0.01	
1135	315	40	19	39	17443.911	0.01	
1136	315	40	19	41	17435.3739	0.01	
1137	315	40	21	39	17275.9013	0.01	
1138	315	40	21	41	17267.461	0.01	
1139	315	40	22	39	17193.0739	0.01	
1140	315	40	22	41	17184.6804	0.01	
1141	315	40	24	39	17029.8134	0.01	
1142	315	40	24	41	17021.5203	0.01	
1143	315	40	25	39	16949.3984	0.01	
1144	315	40	25	41	16941.1702	0.01	
1145	315	40	26	39	16869.8183	0.01	
1146	315	40	26	41	16861.6354	0.01	
1147	315	40	27	39	16791.0648	0.02	
1148	315	40	27	41	16782.9397	0.01	
1149	315	40	28	39	16713.1806	0.01	
1150	315	40	28	41	16705.1102	0.01	
1151	315	40	29	39	16636.1459	0.01	
1152	315	40	29	41	16628.1381	0.01	
1153	315	40	30	39	16559.9967	0.04	
1154	315	40	30	41	16552.0436	0.03	
1155	315	40	31	39	16484.7355	0.01	
1156	315	40	31	41	16476.8358	0.01	
1157	315	40	32	39	16410.3757	0.01	
1158	315	40	32	41	16402.5314	0.01	
1159	315	40	34	39	16264.4337	0.01	
1160	315	40	34	41	16256.7087	0.01	
1161	315	40	35	39	16192.8851	0.01	
1162	315	40	35	41	16185.223	0.01	
1163	315	40	36	41	16114.6925	0.03	
1164	315	40	37	39	16052.693	0.01	
1165	315	40	37	41	16045.1599	0.01	
1166	315	40	45	39	15533.5233	0.01	
1167	315	40	45	41	15526.5778	0.01	
1168	315	40	46	39	15473.6688	0.01	
1169	315	40	46	41	15466.8004	0.01	
1170	315	40	48	39	15357.5624	0.01	
1171	315	40	48	41	15350.8612	0.01	
1172	315	40	49	39	15301.3774	0.01	
1173	315	40	49	41	15294.761	0.01	
1174	315	40	50	39	15246.4751	0.01	
1175	315	40	50	41	15239.9618	0.01	
1176	315	40	51	39	15192.8843	0.01	
1177	315	40	51	41	15186.4543	0.01	
1178	315	40	52	39	15140.6332	0.01	
1179	315	40	52	41	15134.3027	0.01	
1180	315	40	53	39	15089.7469	0.01	
1181	315	40	53	41	15083.5237	0.01	
1182	315	40	55	39	14992.264	0.03	
1183	315	40	55	41	14986.2474	0.02	
1184	316	45	0	44	19175.4476	0.02	
1185	316	45	0	46	19164.9611	0.02	
1186	316	45	1	44	19077.6773	0.01	
1187	316	45	1	46	19067.2437	0.01	
1188	316	45	2	44	18980.5693	0.01	
1189	316	45	2	46	18970.1776	0.01	
1190	316	45	3	44	18884.1275	0.01	
1191	316	45	3	46	18873.7898	0.01	
1192	316	45	4	46	18778.058	0.01	
1193	316	45	5	44	18693.2722	0.01	
1194	316	45	5	46	18683.0198	0.01	
1195	316	45	6	44	18598.8783	0.01	
1196	316	45	6	46	18588.6461	0.02	
1197	316	45	7	44	18505.1509	0.01	
1198	316	45	7	46	18494.9815	0.01	
1199	316	45	8	44	18412.1176	0.01	
1200	316	45	8	46	18401.9965	0.01	
1201	316	45	9	44	18319.7826	0.01	
1202	316	45	9	46	18309.7137	0.01	
1203	316	45	10	44	18228.1423	0.01	
1204	316	45	10	46	18218.1194	0.01	
1205	316	45	11	44	18137.205	0.01	
1206	316	45	11	46	18127.2338	0.01	
1207	316	45	12	44	18046.9835	0.01	
1208	316	45	12	46	18037.0535	0.01	
1209	316	45	14	44	17868.713	0.01	
1210	316	45	14	46	17858.8519	0.01	
1211	316	45	15	44	17780.6684	0.01	
1212	316	45	15	46	17770.8938	0.01	
1213	316	45	16	44	17693.3531	0.01	
1214	316	45	16	46	17683.6365	0.01	
1215	316	45	18	44	17520.9965	0.01	
1216	316	45	18	46	17511.3697	0.01	
1217	316	45	19	44	17435.9591	0.01	
1218	316	45	19	46	17426.3808	0.01	
1219	316	45	21	44	17268.1913	0.01	
1220	316	45	21	46	17258.7258	0.01	
1221	316	45	22	44	17185.493	0.01	
1222	316	45	22	46	17176.0857	0.01	
1223	316	45	23	44	17103.5794	0.02	
1224	316	45	23	46	17094.2373	0.03	
1225	316	45	24	44	17022.4899	0.01	
1226	316	45	24	46	17013.2016	0.01	
1227	316	45	25	44	16942.2181	0.01	
1228	316	45	25	46	16932.9856	0.01	
1229	316	45	26	44	16862.7771	0.01	
1230	316	45	26	46	16853.6038	0.01	
1231	316	45	28	44	16706.4165	0.01	
1232	316	45	28	46	16697.3608	0.01	
1233	316	45	29	44	16629.5399	0.01	
1234	316	45	29	46	16620.538	0.01	
1235	316	45	31	44	16478.4227	0.01	
1236	316	45	31	46	16469.5583	0.01	
1237	316	45	32	44	16404.2237	0.01	
1238	316	45	32	46	16395.4192	0.01	
1239	316	45	34	44	16258.5955	0.01	
1240	316	45	34	46	16249.9415	0.01	
1241	316	45	35	44	16187.2056	0.01	
1242	316	45	35	46	16178.6003	0.01	
1243	316	45	45	44	15529.6748	0.01	
1244	316	45	45	46	15521.8882	0.01	
1245	316	45	46	44	15470.0279	0.01	
1246	316	45	46	46	15462.3397	0.01	
1247	316	45	48	44	15354.3674	0.01	
1248	316	45	48	46	15346.8688	0.01	
1249	316	45	49	44	15298.4169	0.01	
1250	316	45	49	46	15291.011	0.01	
1251	316	45	50	44	15243.7474	0.01	
1252	316	45	50	46	15236.4363	0.01	
1253	316	45	51	44	15190.3916	0.01	
1254	316	45	51	46	15183.2005	0.01	
1255	316	45	52	44	15138.4001	0.01	
1256	316	45	52	46	15131.3122	0.01	
1257	316	45	53	44	15087.7871	0.01	
1258	316	45	53	46	15080.8113	0.01	
1259	316	45	55	44	14990.8368	0.03	
1260	316	45	55	46	14984.0949	0.03	
1261	317	63	1	62	19076.0282	0.01	
1262	317	63	1	64	19061.5447	0.01	
1263	317	63	2	62	18979.3881	0.01	
1264	317	63	2	64	18964.9657	0.01	
1265	317	63	3	62	18883.4067	0.01	
1266	317	63	3	64	18869.049	0.01	
1267	317	63	4	64	18773.8199	0.01	
1268	317	63	6	62	18599.5738	0.01	
1269	317	63	6	64	18585.4001	0.01	
1270	317	63	7	62	18506.3324	0.01	
1271	317	63	7	64	18492.2273	0.01	
1272	317	63	8	62	18413.7976	0.01	
1273	317	63	8	64	18399.7566	0.01	
1274	317	63	10	62	18230.8116	0.01	
1275	317	63	10	64	18216.9098	0.01	
1276	317	63	11	62	18140.3906	0.01	
1277	317	63	11	64	18126.545	0.01	
1278	317	63	12	62	18050.7015	0.01	
1279	317	63	12	64	18036.9104	0.03	
1280	317	63	13	62	17961.6949	0.01	
1281	317	63	13	64	17948.0016	0.02	
1282	317	63	14	62	17873.4598	0.01	
1283	317	63	14	64	17859.8151	0.01	
1284	317	63	15	62	17785.9553	0.01	
1285	317	63	15	64	17772.3816	0.01	
1286	317	63	17	62	17613.1787	0.01	
1287	317	63	17	64	17599.7559	0.01	
1288	317	63	18	62	17527.9236	0.01	
1289	317	63	18	64	17514.5829	0.01	
1290	317	63	20	62	17359.7524	0.01	
1291	317	63	20	64	17346.5603	0.01	
1292	317	63	21	62	17276.8481	0.01	
1293	317	63	21	64	17263.7218	0.01	
1294	317	63	22	62	17194.724	0.03	
1295	317	63	22	64	17181.7112	0.03	
1296	317	63	23	62	17113.4297	0.02	
1297	317	63	23	64	17100.4641	0.01	
1298	317	63	24	62	17032.9467	0.01	
1299	317	63	24	64	17020.0652	0.01	
1300	317	63	25	62	16953.2901	0.03	
1301	317	63	25	64	16940.4796	0.03	
1302	317	63	26	62	16874.4716	0.04	
1303	317	63	26	64	16861.7423	0.01	
1304	317	63	27	62	16796.5004	0.01	
1305	317	63	27	64	16783.8842	0.01	
1306	317	63	28	62	16719.415	0.02	
1307	317	63	28	64	16706.8647	0.03	
1308	317	63	29	62	16643.1947	0.04	
1309	317	63	29	64	16630.7654	0.02	
1310	317	63	30	62	16567.8683	0.01	
1311	317	63	30	64	16555.5067	0.01	
1312	317	63	31	62	16493.4639	0.02	
1313	317	63	31	64	16481.1906	0.02	
1314	317	63	33	62	16347.3961	0.01	
1315	317	63	33	64	16335.3196	0.01	
1316	317	63	34	62	16275.7974	0.03	
1317	317	63	34	64	16263.7972	0.03	
1318	317	63	35	62	16205.1142	0.03	
1319	317	63	35	64	16193.2476	0.01	
1320	317	63	36	62	16135.4641	0.01	
1321	317	63	36	64	16123.6874	0.01	
1322	317	63	37	62	16066.8192	0.04	
1323	317	63	37	64	16055.1675	0.04	
1324	317	63	46	62	15497.4933	0.01	
1325	317	63	46	64	15486.8886	0.01	
1326	317	63	47	62	15440.0638	0.01	
1327	317	63	47	64	15429.5945	0.01	
1328	317	63	49	62	15329.0044	0.01	
1329	317	63	49	64	15318.8086	0.01	
1330	317	63	51	62	15223.233	0.01	
1331	317	63	51	64	15213.339	0.01	
1332	317	63	52	62	15172.4144	0.01	
1333	317	63	52	64	15162.6701	0.01	
1334	317	63	53	62	15123.0069	0.01	
1335	317	63	53	64	15113.4297	0.01	
1336	317	63	55	62	15028.6062	0.02	
1337	317	63	55	64	15019.3822	0.02	
1338	318	72	3	71	18899.3954	0.01	
1339	318	72	3	73	18883.0271	0.01	
1340	318	72	4	71	18804.3575	0.02	
1341	318	72	6	71	18616.4182	0.04	
1342	318	72	6	73	18600.3038	0.03	
1343	318	72	7	71	18523.4988	0.02	
1344	318	72	7	73	18507.4474	0.01	
1345	318	72	10	71	18248.9291	0.03	
1346	318	72	10	73	18233.1231	0.03	
1347	318	72	20	71	17381.2193	0.03	
1348	318	72	20	73	17366.2589	0.03	
1349	318	72	23	71	17136.0508	0.03	
1350	318	72	23	73	17121.2814	0.03	
1351	318	72	52	71	15210.4038	0.01	
1352	318	72	52	73	15199.3938	0.01	
1353	318	72	53	71	15161.7925	0.01	
1354	318	72	53	73	15150.9516	0.01	
1355	319	38	5	37	18882.6886	0.01	
1356	319	38	5	39	18874.0047	0.01	
1357	319	38	8	37	18601.0987	0.01	
1358	319	38	8	39	18592.5258	0.01	
1359	319	38	9	37	18508.6317	0.03	
1360	319	38	9	39	18500.0625	0.01	
1361	319	38	11	37	18325.7463	0.02	
1362	319	38	11	39	18317.3119	0.01	
1363	319	38	12	37	18235.3707	0.01	
1364	319	38	12	39	18226.9472	0.02	
1365	319	38	15	37	17968.5936	0.01	
1366	319	38	15	39	17960.3178	0.02	
1367	319	38	17	37	17794.3903	0.01	
1368	319	38	17	39	17786.1998	0.01	
1369	319	38	18	37	17708.4165	0.02	
1370	319	38	18	39	17700.2611	0.03	
1371	319	38	20	37	17538.7896	0.02	
1372	319	38	20	39	17530.712	0.03	
1373	319	38	23	37	17290.1615	0.03	
1374	319	38	23	39	17282.2255	0.02	
1375	319	38	24	37	17208.8618	0.02	
1376	319	38	24	39	17200.9859	0.01	
1377	319	38	26	37	17048.7929	0.01	
1378	319	38	26	39	17040.9911	0.02	
1379	319	38	32	37	16589.0112	0.01	
1380	319	38	32	39	16581.5597	0.02	
1381	319	38	37	37	16231.0364	0.03	
1382	319	38	37	39	16223.8765	0.04	
1383	319	38	48	37	15535.1311	0.03	
1384	319	38	48	39	15528.7615	0.04	
1385	319	38	54	37	15217.3008	0.01	
1386	319	38	54	39	15211.4564	0.01	
1387	319	38	55	37	15169.1735	0.01	
1388	319	38	55	39	15163.4381	0.01	
1389	319	38	56	37	15122.4973	0.02	
1390	319	38	56	39	15116.8806	0.03	
1391	320	33	0	32	19373.8195	0.01	
1392	320	33	0	34	19366.0825	0.02	
1393	320	33	1	32	19275.8397	0.01	
1394	320	33	1	34	19268.1349	0.01	
1395	320	33	2	32	19178.5148	0.01	
1396	320	33	2	34	19170.8531	0.01	
1397	320	33	3	32	19081.8721	0.04	
1398	320	33	5	32	18890.5507	0.01	
1399	320	33	5	34	18882.9757	0.01	
1400	320	33	7	34	18694.4974	0.04	
1401	320	33	8	32	18608.6985	0.01	
1402	320	33	8	34	18601.2262	0.01	
1403	320	33	9	32	18516.1362	0.02	
1404	320	33	9	34	18508.6779	0.03	
1405	320	33	11	32	18333.0675	0.02	
1406	320	33	11	34	18325.7134	0.02	
1407	320	33	12	32	18242.6104	0.02	
1408	320	33	12	34	18235.2759	0.03	
1409	320	33	14	32	18063.8375	0.03	
1410	320	33	14	34	18056.5611	0.02	
1411	320	33	15	32	17975.5554	0.03	
1412	320	33	15	34	17968.3148	0.02	
1413	320	33	18	32	17715.0739	0.03	
1414	320	33	18	34	17707.9835	0.02	
1415	320	33	20	32	17545.2181	0.02	
1416	320	33	20	34	17538.1865	0.03	
1417	320	33	21	32	17461.4583	0.03	
1418	320	33	21	34	17454.4818	0.04	
1419	320	33	26	32	17054.5952	0.02	
1420	320	33	26	34	17047.8042	0.03	
1421	320	33	35	32	16376.0272	0.03	
1422	320	33	35	34	16369.705	0.04	
1423	320	33	50	32	15426.0711	0.03	
1424	320	33	50	34	15420.6687	0.04	
1425	320	33	52	32	15319.6417	0.03	
1426	320	33	52	34	15314.3889	0.03	
1427	320	33	54	32	15218.6635	0.01	
1428	320	33	54	34	15213.5753	0.01	
1429	320	33	55	32	15170.3056	0.01	
1430	320	33	55	34	15165.3023	0.01	
1431	320	33	56	32	15123.4176	0.02	
1432	320	33	56	34	15118.487	0.03	
							
							
							
							
							
							
							
							
							
							
							
							
							
							
							
							
							
							
							
							
							
							
							
							
							
							
							
							
							
							
							
							
							
							
							
							
							
							
							
							
							
							
							
							
							
							
							
							
							
							
							
							
							
							
							
							
							
							
							
							
							
							
							
							
							
							
							
							
							
							
							
							
							
							
							
							
							
							
							
							
							
							
							
							
							
							
							
							
							
							
							
							
							
							
							
							
							
							
							
							
							
							
							
							
							
							
							
							
							
							
							
							
							
							
							
							
							
							
							
							
							
							
							
							
							
							
							
							
							
							
							
							
							
							
							
							
							
							
							
							
							
							
							
							
							
							
							
							
							
							
							
							
							
							
							
							
							
							
							
							
							
							
							
							
							
							
							
							
							
							
							
							
							
							
							
							
							
							
							
							
							
							
							
							
							
							
							
							
							
							
							
							
							
							
							
							
							
							
							
							
							
							
							
							
							
							
							
							
							
							
							
							
							
							
							
							
							
							
							
							
							
							
							
							
							
							
							
							
							
							
							
							
							
							
							
							
							
							
							
							
							
							
							
							
							
							
							
							
							
							
							
							
							
							
							
							
							
							
							
							
							
							
							
							
							
							
							
							
							
							
							
							
							
							
							
							
							
							
							
							
							
							
							
							
							
							
							
							
							
							
							
							
							
							
							
							
							
							
							
							
							
							
							
							
							
							
							
							
							
							
							
							
							
							
							
							
							
							
							
							
							
							
							
							
							
							
							
							
							
							
							
							
							
							
							
							
							
							
							
							
							
							
							
							
							
							
							
							
							
							
							
							
							
							
							
							
							
							
							
							
							
							
							
							
							
							
							
							
							
							
							
							
							
							
							
							
							
							
							
							
							
							
							
							
							
							
							
							
							
							
							
							
							
							
							
							
							
							
							
							
							
							
							
							
							
							
							
							
							
							
							
							
							
							
							
							
							
							
							
							
							
							
							
							
							
							
							
							
							
							
							
							
							
							
							
							
							
							
							
							
							
							
							
							
							
							
							
							
							
							
							
							
							
							
							
							
							
							
							
							
							
							
							
							
							
							
							
							
							
							
							
							
							
							
							
							
							
							
							
							
							
							
							
							
							
							
							
							
							
							
							
							
							
							
							
							
							
							
							
							
							
							
							
							
							
							
							
							
							
							
							
							
							
							
							
							
							
							
							
							
							
							
							
							
							
							
							
							
							
							
							
							
							
							
							
							
							
							
							
							
							
