++++++++++++++++++++++++++++++++++++++++++++++++++++++++++++++++++++++++++++++++++
+   Experimental term values of NaCs B1P excited electronic state and
+   table with experimental term values of NaCs the perturbed [B1P, b3P, c3S+]
+   complex levels.
+
+   J. Zaharova, O. Docenko, M. Tamanis, R. Ferber
+   Laser Center, Department of Physics, University of Latvia, 
+   Rainis Boulevard 19, LV 1586 Riga, Latvia
+
+   A. Pashov
+   Department of Physics, Sofia University, James Bourchier Boulevard 5, 1164
+   Sofia, Bulgaria
+
+   H. Knoeckel and E.Tiemann
+   Institut fuer Quantenoptik, Universitaet Hannover, Welfengarten 1,
+   30167 Hannover, Germany
+
+  October 2004, October 2005, Hannover
+  
+
++++++++++++++++++++++++++++++++++++++++++++++++++++++++++++++++++++++++++++++++++


Notations: 

v', J', v", J":   vibrational and rotational quantum numbers of the excited B1P state level
		  and the absorbing X1S+ level, respectively.

		  In some few cases v' is given approximately because upper state level is strongly perturbed,
		  (v' interval of B1P state vibrational levels is given).

E':		  energy of the excited state level

par:		  for f levels -  0, for e levels - 1

uncert.:          Assessed experimental uncertainty, cm-1

iso:              An integer i. In the final fit only transitions with  
                  i=5,8,10 were used.


		  

N	v'	J'	 E', cm-1      par      uncert. iso
-------------------------------------------------------------
1	3	5	15553.9646	1	0.01	10
2	14	6	16035.58547	1	0.01	5
3	7	7	15744.56919	1	0.01	9
4	7	8	15745.21213	0	0.01	9
5	8	8	15789.12714	0	0.01	10
6	8	9	15789.82825	0	0.01	10
7	2	11	15507.61063	0	0.01	9
8	9	13	15835.77058	1	0.01	10
9	4	15	15612.02754	0	0.01	10
10	5	15	15659.97104	1	0.01	9
11	7	15	15751.7539	0	0.01	9
12	7	16	15752.98482	0	0.01	9
13	9	16	15839.11817	1	0.01	10
14	14	18	16034.95039	0	0.01	5
15	4	19	15617.82292	0	0.01	9
16	6	20	15713.72363	1	0.01	9
17	7	20	15758.78473	1	0.01	9
18	4	23	15624.89154	1	0.01	10
19	4	24	15626.87781	0	0.01	1
20	4	24	15626.87505	1	0.01	1
21	4	25	15628.93522	0	0.01	10
22	4	25	15628.93446	1	0.01	10
23	1	26	15480.29768	0	0.01	10
24	3	26	15582.11666	0	0.01	10
25	4	26	15631.06973	0	0.01	10
26	4	26	15631.07651	1	0.01	10
27	3	27	15584.36849	0	0.01	10
28	4	27	15633.29961	0	0.01	10
29	4	27	15633.29341	1	0.01	10
30	7	27	15771.82309	0	0.01	9
31	3	28	15586.70111	0	0.01	10
32	4	28	15635.58983	0	0.01	10
33	4	28	15635.58997	1	0.01	10
34	7	28	15773.9729	1	0.01	9
35	1	29	15487.49474	1	0.01	10
36	3	29	15589.13043	0	0.01	10
37	3	29	15589.12594	1	0.01	10
38	4	29	15637.96718	0	0.01	1
39	4	29	15638.00155	1	0.01	1
40	1	30	15490.08506	0	0.01	10
41	3	30	15591.63847	0	0.01	10
42	3	30	15591.63245	1	0.01	10
43	4	30	15640.46355	0	0.01	10
44	9	30	15871.01834	1	0.01	3
45	2	31	15544.13966	1	0.01	10
46	3	31	15594.22625	0	0.01	10
47	3	31	15594.22372	1	0.01	10
48	4	31	15642.99243	1	0.01	10
49	2	32	15546.85132	0	0.01	10
50	2	32	15546.85021	1	0.01	10
51	3	32	15596.88965	0	0.01	10
52	3	32	15596.90158	1	0.01	10
53	4	32	15645.59312	0	0.01	9
54	1	33	15498.3394	1	0.01	10
55	2	33	15549.64593	0	0.01	10
56	2	33	15549.64456	1	0.01	10
57	3	33	15599.65447	0	0.01	10
58	3	33	15599.64514	1	0.01	10
59	4	33	15648.29583	0	0.01	9
60	2	34	15552.52613	0	0.01	10
61	2	34	15552.5301	1	0.01	10
62	3	34	15602.47684	0	0.01	10
63	3	34	15602.48403	1	0.01	10
64	4	34	15651.08524	0	0.01	9
65	2	35	15555.49093	0	0.01	10
66	2	35	15555.48835	1	0.01	10
67	3	35	15605.39981	0	0.01	10
68	3	35	15605.40102	1	0.01	10
69	4	35	15653.9488	0	0.01	9
70	2	36	15558.54091	0	0.01	10
71	2	36	15558.53905	1	0.01	10
72	3	36	15608.40057	0	0.01	10
73	3	36	15608.4054	1	0.01	10
74	4	36	15656.89633	0	0.01	9
75	2	37	15561.66954	0	0.01	10
76	2	37	15561.66689	1	0.01	10
77	3	37	15611.48453	0	0.01	10
78	3	37	15611.4832	1	0.01	10
79	13	37	16042.73412	1	0.01	10
80	21	37	16298.20077	0	0.01	10
81	2	38	15564.8871	0	0.01	10
82	2	38	15564.88293	1	0.01	10
83	3	38	15614.64188	0	0.01	10
84	3	38	15614.64872	1	0.01	10
85	1	39	15517.17257	0	0.01	10
86	2	39	15568.17835	0	0.01	10
87	2	39	15568.17443	1	0.01	10
88	3	39	15617.89158	0	0.01	10
89	3	39	15617.89403	1	0.01	10
90	12	39	16010.60217	1	0.01	10
91	21	39	16302.51231	1	0.01	10
92	1	40	15520.60239	0	0.01	10
93	2	40	15571.56335	0	0.01	10
94	2	40	15571.55159	1	0.01	10
95	3	40	15621.21241	0	0.01	1
96	3	40	15621.21887	1	0.01	1
97	10	40	15935.49964	1	0.01	10
98	1	41	15524.11722	0	0.01	10
99	1	41	15524.12825	1	0.01	10
100	2	41	15575.01697	0	0.01	10
101	2	41	15575.01961	1	0.01	10
102	3	41	15624.62076	0	0.01	1
103	3	41	15624.62522	1	0.01	1
104	12	41	16015.95746	1	0.01	10
105	1	42	15527.71503	0	0.01	10
106	1	42	15527.71586	1	0.01	10
107	2	42	15578.56697	0	0.01	10
108	2	42	15578.56328	1	0.01	10
109	3	42	15628.11529	0	0.01	1
110	3	42	15628.11663	1	0.01	1
111	4	42	15676.32014	1	0.01	9
112	1	43	15531.39795	0	0.01	10
113	1	43	15531.3898	1	0.01	10
114	2	43	15582.19213	0	0.01	10
115	3	43	15631.68253	0	0.01	1
116	3	43	15631.68613	1	0.01	1
117	4	43	15679.84405	0	0.01	9
118	4	43	15679.82696	1	0.01	9
119	1	44	15535.16577	0	0.01	10
120	1	44	15535.16436	1	0.01	10
121	2	44	15585.89619	0	0.01	10
122	3	44	15635.3329	0	0.01	1
123	3	44	15635.34548	1	0.01	1
124	4	44	15683.43541	0	0.01	9
125	4	44	15683.42214	1	0.01	9
126	11	44	15986.31101	0	0.01	10
127	1	45	15539.01415	0	0.01	10
128	1	45	15539.01467	1	0.01	10
129	2	45	15589.68623	0	0.01	10
130	3	45	15639.06127	0	0.01	1
131	3	45	15639.07766	1	0.01	1
132	4	45	15687.09494	0	0.01	9
133	4	45	15687.0924	1	0.01	9
134	11	45	15989.37391	0	0.01	10
135	12	45	16027.37425	0	0.01	10
136	1	46	15542.94774	0	0.01	10
137	1	46	15542.9482	1	0.01	10
138	3	46	15642.8921	1	0.01	9
139	4	46	15690.85047	0	0.01	9
140	4	46	15690.83729	1	0.01	9
141	11	46	15992.50752	0	0.01	10
142	1	47	15546.96438	0	0.01	10
143	1	47	15546.96168	1	0.01	10
144	3	47	15646.81071	0	0.01	1
145	3	47	15646.78828	1	0.01	1
146	4	47	15694.6771	0	0.01	9
147	4	47	15694.66804	1	0.01	9
148	11	47	15995.71927	0	0.01	10
149	1	48	15551.06168	0	0.01	10
150	1	48	15551.06509	1	0.01	10
151	3	48	15650.779	0	0.01	1
152	3	48	15650.76192	1	0.01	1
153	4	48	15698.56567	0	0.01	9
154	4	48	15698.56159	1	0.01	9
155	8	48	15872.45461	0	0.01	5
156	8	48	15878.56132	1	0.01	10
157	10	48	15960.16787	1	0.01	10
158	11	48	15999.00805	0	0.01	10
159	1	49	15555.2465	0	0.01	10
160	1	49	15555.24919	1	0.01	10
161	3	49	15654.8323	0	0.01	1
162	3	49	15654.81254	1	0.01	1
163	4	49	15702.55056	0	0.01	9
164	4	49	15702.54644	1	0.01	9
165	11	49	16002.36088	0	0.01	10
166	1	50	15559.51284	0	0.01	10
167	1	50	15559.50793	1	0.01	10
168	3	50	15658.96653	0	0.01	9
169	3	50	15658.95844	1	0.01	9
170	4	50	15706.60763	0	0.01	9
171	4	50	15706.59751	1	0.01	9
172	11	50	16005.81087	0	0.01	10
173	1	51	15563.86307	0	0.01	10
174	1	51	15563.85768	1	0.01	10
175	3	51	15663.17944	0	0.01	9
176	3	51	15663.17001	1	0.01	9
177	11	51	16000.33379	0	0.01	5
178	1	52	15568.29439	0	0.01	10
179	1	52	15568.29265	1	0.01	10
180	3	52	15667.47253	0	0.01	9
181	3	52	15667.46286	1	0.01	9
182	1	53	15572.8085	0	0.01	10
183	1	53	15572.80541	1	0.01	10
184	3	53	15671.8458	0	0.01	9
185	3	53	15671.83493	1	0.01	9
186	10	53	15978.01068	0	0.01	5
187	1	54	15577.40482	0	0.01	10
188	1	54	15577.40446	1	0.01	10
189	2	54	15627.52532	0	0.01	10
190	2	54	15627.52232	1	0.01	10
191	3	54	15676.29316	0	0.01	9
192	3	54	15676.2826	1	0.01	9
193	8	54	15901.24784	1	0.01	10
194	1	55	15582.08392	0	0.01	10
195	1	55	15582.08193	1	0.01	10
196	2	55	15632.12935	0	0.01	10
197	2	55	15632.12611	1	0.01	10
198	3	55	15680.82223	0	0.01	9
199	3	55	15680.81924	1	0.01	9
200	4	55	15727.85922	1	0.01	9
201	6	55	15819.62329	0	0.01	9
202	12	55	16061.30472	0	0.01	10
203	1	56	15586.84413	0	0.01	10
204	1	56	15586.84257	1	0.01	10
205	2	56	15636.82002	0	0.01	10
206	2	56	15636.81204	1	0.01	10
207	3	56	15685.43117	0	0.01	9
208	3	56	15685.41759	1	0.01	9
209	13	56	16100.35691	0	0.01	10
210	1	57	15591.68715	0	0.01	10
211	1	57	15591.68532	1	0.01	10
212	2	57	15641.59087	0	0.01	10
213	2	57	15641.58684	1	0.01	10
214	3	57	15690.10398	0	0.01	9
215	4	57	15738.11884	0	0.01	9
216	0	58	15545.41271	0	0.01	10
217	1	58	15596.61061	0	0.01	10
218	1	58	15596.61021	1	0.01	10
219	2	58	15646.43756	0	0.01	10
220	2	58	15646.43487	1	0.01	10
221	3	58	15694.83136	0	0.01	9
222	4	58	15742.57462	0	0.01	9
223	5	58	15788.31087	0	0.01	9
224	0	59	15550.48551	0	0.01	10
225	1	59	15601.61581	1	0.01	10
226	2	59	15651.36559	0	0.01	10
227	2	59	15651.3634	1	0.01	10
228	4	59	15747.22483	0	0.01	1
229	4	59	15747.28849	1	0.01	1
230	5	59	15792.95828	0	0.01	9
231	13	59	16112.81602	1	0.01	10
232	23	59	16408.41273	0	0.01	10
233	0	60	15555.64777	0	0.01	10
234	1	60	15606.70694	0	0.01	10
235	1	60	15606.70209	1	0.01	10
236	2	60	15656.37347	0	0.01	10
237	2	60	15656.37191	1	0.01	10
238	4	60	15752.00675	0	0.01	1
239	4	60	15752.04878	1	0.01	1
240	5	60	15797.69168	0	0.01	1
241	5	60	15797.71102	1	0.01	1
242	8	60	15926.83534	0	0.01	10
243	12	60	16081.05973	1	0.01	10
244	0	61	15560.89382	0	0.01	10
245	0	61	15560.90099	1	0.01	10
246	1	61	15611.8747	0	0.01	10
247	1	61	15611.87234	1	0.01	10
248	2	61	15661.4625	0	0.01	10
249	2	61	15661.46105	1	0.01	10
250	4	61	15756.88423	0	0.01	1
251	4	61	15756.91934	1	0.01	1
252	5	61	15802.50618	0	0.01	1
253	5	61	15802.52884	1	0.01	1
254	8	61	15931.37896	0	0.01	10
255	10	61	16006.56236	0	0.01	5
256	10	61	16010.92609	1	0.01	10
257	21	61	16364.76731	0	0.01	10
258	24	61	16438.05692	1	0.01	10
259	0	62	15566.21654	0	0.01	10
260	0	62	15566.21871	1	0.01	10
261	1	62	15617.12137	0	0.01	10
262	1	62	15617.12061	1	0.01	10
263	2	62	15666.62321	0	0.01	9
264	2	62	15666.6235	1	0.01	9
265	4	62	15761.86358	0	0.01	1
266	4	62	15761.88683	1	0.01	1
267	5	62	15807.40409	0	0.01	1
268	5	62	15807.42563	1	0.01	1
269	8	62	15935.99927	0	0.01	10
270	11	62	16053.08193	1	0.01	10
271	0	63	15571.62324	0	0.01	10
272	0	63	15571.62872	1	0.01	10
273	1	63	15622.45361	0	0.01	10
274	1	63	15622.44987	1	0.01	10
275	2	63	15671.85363	0	0.01	9
276	2	63	15671.8593	1	0.01	9
277	4	63	15766.92615	0	0.01	9
278	4	63	15766.93556	1	0.01	9
279	5	63	15812.38317	0	0.01	1
280	5	63	15812.40041	1	0.01	1
281	8	63	15940.68802	0	0.01	8
282	8	63	15940.78188	1	0.01	8
283	0	64	15577.12541	0	0.01	10
284	0	64	15577.11021	1	0.01	10
285	1	64	15627.86327	0	0.01	10
286	1	64	15627.86045	1	0.01	10
287	2	64	15677.11957	0	0.01	9
288	2	64	15677.15694	1	0.01	9
289	4	64	15772.06488	0	0.01	9
290	4	64	15772.08039	1	0.01	9
291	5	64	15817.43521	0	0.01	1
292	5	64	15817.44672	1	0.01	1
293	8	64	15945.45112	0	0.01	8
294	8	64	15945.54398	1	0.01	8
295	10	64	16024.10378	0	0.01	10
296	0	65	15582.68342	0	0.01	10
297	0	65	15582.69289	1	0.01	10
298	1	65	15633.35553	0	0.01	10
299	2	65	15682.48273	1	0.01	9
300	3	65	15730.67317	0	0.01	9
301	4	65	15777.29303	0	0.01	9
302	4	65	15777.29735	1	0.01	9
303	5	65	15822.56442	0	0.01	1
304	5	65	15822.57621	1	0.01	1
305	8	65	15950.27829	0	0.01	8
306	8	65	15950.39256	1	0.01	8
307	10	65	16029.03681	1	0.01	10
308	0	66	15588.34998	0	0.01	10
309	0	66	15588.34405	1	0.01	10
310	1	66	15638.92295	0	0.01	10
311	4	66	15782.59186	0	0.01	9
312	4	66	15782.59944	1	0.01	9
313	5	66	15827.77587	0	0.01	1
314	5	66	15827.79375	1	0.01	1
315	8	66	15955.17546	0	0.01	8
316	8	66	15955.30347	1	0.01	8
317	0	67	15594.07664	0	0.01	10
318	0	67	15594.07583	1	0.01	10
319	1	67	15644.57205	0	0.01	10
320	4	67	15787.97047	0	0.01	9
321	4	67	15787.97401	1	0.01	9
322	5	67	15833.0556	0	0.01	1
323	5	67	15833.07472	1	0.01	1
324	8	67	15960.15155	0	0.01	8
325	8	67	15960.28707	1	0.01	8
326	0	68	15599.89425	0	0.01	10
327	0	68	15599.88916	1	0.01	10
328	1	68	15650.29787	0	0.01	10
329	4	68	15793.42329	0	0.01	10
330	4	68	15793.43404	1	0.01	9
331	5	68	15838.42262	0	0.01	1
332	5	68	15838.43485	1	0.01	1
333	7	68	15924.35441	1	0.01	9
334	8	68	15965.16911	0	0.01	8
335	8	68	15965.3135	1	0.01	8
336	12	68	16117.14761	0	0.01	10
337	0	69	15605.79495	0	0.01	10
338	0	69	15605.78899	1	0.01	10
339	2	69	15705.11092	0	0.01	9
340	3	69	15752.72091	0	0.01	9
341	4	69	15798.96529	0	0.01	9
342	4	69	15798.96479	1	0.01	9
343	5	69	15843.85329	0	0.01	1
344	5	69	15843.86024	1	0.01	1
345	0	70	15611.76543	0	0.01	10
346	0	70	15611.76297	1	0.01	10
347	2	70	15710.90178	0	0.01	10
348	3	70	15758.41211	0	0.01	10
349	4	70	15804.57381	0	0.01	10
350	4	70	15804.57792	1	0.01	10
351	5	70	15849.36166	0	0.01	1
352	5	70	15849.37353	1	0.01	1
353	0	71	15617.82089	0	0.01	10
354	0	71	15617.82406	1	0.01	10
355	2	71	15716.77691	0	0.01	10
356	3	71	15764.19136	0	0.01	10
357	4	71	15810.25561	0	0.01	10
358	4	71	15810.25986	1	0.01	10
359	5	71	15854.94557	0	0.01	1
360	5	71	15854.9579	1	0.01	1
361	11	71	16095.47457	0	0.01	10
362	17	71	16278.68069	0	0.01	5
363	0	72	15623.97242	0	0.01	10
364	0	72	15623.96559	1	0.01	10
365	2	72	15722.73614	0	0.01	10
366	3	72	15770.05246	0	0.01	10
367	3	72	15770.04781	1	0.01	10
368	4	72	15816.016	0	0.01	10
369	4	72	15816.02242	1	0.01	10
370	5	72	15860.60198	0	0.01	1
371	5	72	15860.61798	1	0.01	1
372	9	72	16025.80091	0	0.01	10
373	0	73	15630.18624	0	0.01	10
374	0	73	15630.18633	1	0.01	10
375	2	73	15728.76501	0	0.01	10
376	3	73	15775.98433	0	0.01	10
377	3	73	15775.99259	1	0.01	10
378	4	73	15821.85202	0	0.01	10
379	4	73	15821.8579	1	0.01	10
380	5	73	15866.33269	0	0.01	1
381	5	73	15866.35273	1	0.01	1
382	9	73	16031.01953	0	0.01	10
383	11	73	16105.38775	0	0.01	10
384	0	74	15636.4984	0	0.01	10
385	0	74	15636.48392	1	0.01	10
386	2	74	15734.87487	0	0.01	10
387	3	74	15782.00157	0	0.01	10
388	3	74	15781.99486	1	0.01	10
389	4	74	15827.76246	0	0.01	10
390	4	74	15827.76833	1	0.01	10
391	5	74	15872.13206	0	0.01	1
392	5	74	15872.15378	1	0.01	1
393	9	74	16036.32995	0	0.01	8
394	9	74	16036.14643	1	0.01	8
395	11	74	16110.49646	0	0.01	10
396	13	74	16179.51494	1	0.01	10
397	0	75	15642.87291	0	0.01	10
398	0	75	15642.86543	1	0.01	10
399	2	75	15741.06194	0	0.01	10
400	2	75	15741.05763	1	0.01	10
401	3	75	15788.09282	0	0.01	10
402	3	75	15788.08465	1	0.01	10
403	4	75	15833.74239	0	0.01	10
404	4	75	15833.74907	1	0.01	10
405	5	75	15878.00972	0	0.01	1
406	5	75	15878.03026	1	0.01	1
407	9	75	16041.72755	0	0.01	8
408	9	75	16041.57994	1	0.01	8
409	11	75	16115.66386	0	0.01	10
410	0	76	15649.31206	0	0.01	10
411	0	76	15649.32722	1	0.01	10
412	2	76	15747.3247	0	0.01	10
413	2	76	15747.32396	1	0.01	10
414	3	76	15794.25221	0	0.01	10
415	3	76	15794.2499	1	0.01	10
416	4	76	15839.80057	0	0.01	10
417	4	76	15839.80806	1	0.01	10
418	5	76	15883.9392	0	0.01	1
419	5	76	15883.98732	1	0.01	1
420	9	76	16047.18589	0	0.01	8
421	9	76	16047.06637	1	0.01	8
422	11	76	16120.90078	0	0.01	10
423	0	77	15655.86586	0	0.01	10
424	0	77	15655.85718	1	0.01	10
425	2	77	15753.66473	0	0.01	10
426	2	77	15753.66319	1	0.01	10
427	3	77	15800.48999	0	0.01	10
428	3	77	15800.48707	1	0.01	10
429	4	77	15845.92806	0	0.01	10
430	4	77	15845.93464	1	0.01	10
431	5	77	15889.90188	0	0.01	1
432	5	77	15890.02131	1	0.01	1
433	9	77	16052.74113	0	0.01	8
434	9	77	16052.63797	1	0.01	8
435	11	77	16126.20192	0	0.01	10
436	0	78	15662.48385	0	0.01	10
437	0	78	15662.4754	1	0.01	10
438	2	78	15760.08004	0	0.01	10
439	2	78	15760.07427	1	0.01	10
440	3	78	15806.79636	0	0.01	10
441	3	78	15806.79804	1	0.01	10
442	4	78	15852.12798	0	0.01	10
443	4	78	15852.13472	1	0.01	10
444	9	78	16058.35129	0	0.01	8
445	9	78	16058.25444	1	0.01	8
446	11	78	16131.57234	0	0.01	10
447	19	78	16378.10187	0	0.01	10
448	0	79	15669.17673	0	0.01	10
449	0	79	15669.17137	1	0.01	10
450	2	79	15766.5717	0	0.01	10
451	2	79	15766.56964	1	0.01	10
452	3	79	15813.1842	0	0.01	10
453	3	79	15813.18277	1	0.01	10
454	4	79	15858.39619	0	0.01	9
455	4	79	15858.40858	1	0.01	10
456	5	79	15902.36329	0	0.01	9
457	9	79	16064.03483	0	0.01	8
458	9	79	16063.94022	1	0.01	8
459	11	79	16137.00693	0	0.01	10
460	0	80	15675.94547	0	0.01	10
461	0	80	15675.94174	1	0.01	10
462	2	80	15773.14195	0	0.01	10
463	2	80	15773.13731	1	0.01	10
464	3	80	15819.65023	0	0.01	10
465	3	80	15819.64476	1	0.01	10
466	4	80	15864.68847	0	0.01	1
467	4	80	15864.76212	1	0.01	1
468	5	80	15908.55191	0	0.01	10
469	9	80	16069.77525	0	0.01	8
470	9	80	16069.69764	1	0.01	8
471	11	80	16142.52306	0	0.01	10
472	0	81	15682.80734	0	0.01	10
473	0	81	15682.79794	1	0.01	10
474	2	81	15779.78701	0	0.01	10
475	2	81	15779.78108	1	0.01	10
476	3	81	15826.18344	0	0.01	10
477	3	81	15826.18725	1	0.01	10
478	4	81	15871.25443	0	0.01	1
479	4	81	15871.18639	1	0.01	1
480	5	81	15914.84153	0	0.01	10
481	9	81	16075.58212	0	0.01	8
482	9	81	16075.50125	1	0.01	8
483	19	81	16391.67813	0	0.01	10
484	0	82	15689.7287	0	0.01	10
485	0	82	15689.72723	1	0.01	10
486	2	82	15786.50223	0	0.01	10
487	2	82	15786.50215	1	0.01	10
488	3	82	15832.7932	0	0.01	10
489	3	82	15832.7933	1	0.01	10
490	4	82	15877.71362	0	0.01	10
491	4	82	15877.68257	1	0.01	10
492	5	82	15921.20366	0	0.01	9
493	0	83	15696.7399	0	0.01	10
494	0	83	15696.73174	1	0.01	10
495	2	83	15793.29979	0	0.01	10
496	2	83	15793.29285	1	0.01	10
497	4	83	15884.27057	0	0.01	10
498	4	83	15884.24641	1	0.01	9
499	5	83	15927.65885	0	0.01	9
500	10	83	16124.00701	0	0.01	10
501	0	84	15703.82513	0	0.01	10
502	0	84	15703.81931	1	0.01	10
503	2	84	15800.1633	0	0.01	10
504	2	84	15800.16128	1	0.01	10
505	4	84	15890.90972	0	0.01	10
506	4	84	15890.8845	1	0.01	9
507	5	84	15934.17345	0	0.01	9
508	0	85	15710.97947	0	0.01	10
509	0	85	15710.98083	1	0.01	10
510	2	85	15807.10553	0	0.01	10
511	2	85	15807.10505	1	0.01	10
512	4	85	15897.62348	0	0.01	10
513	5	85	15940.75156	0	0.01	9
514	0	86	15718.224	0	0.01	10
515	0	86	15718.21443	1	0.01	10
516	2	86	15814.11686	0	0.01	10
517	2	86	15814.11586	1	0.01	10
518	0	87	15725.53572	0	0.01	10
519	0	87	15725.53619	1	0.01	10
520	2	87	15821.22215	0	0.01	10
521	2	87	15821.21308	1	0.01	10
522	0	88	15732.93512	0	0.01	10
523	0	88	15732.92384	1	0.01	10
524	2	88	15828.38541	0	0.01	10
525	2	88	15828.37122	1	0.01	10
526	7	88	16044.42933	0	0.01	3
527	0	89	15740.39796	0	0.01	10
528	0	89	15740.39271	1	0.01	10
529	2	89	15835.62133	0	0.01	10
530	2	89	15835.61107	1	0.01	10
531	0	90	15747.94602	0	0.01	10
532	2	90	15842.92994	0	0.01	10
533	0	91	15755.57833	0	0.01	10
534	1	91	15803.63104	1	0.01	10
535	2	91	15850.30377	0	0.01	10
536	0	92	15763.26722	0	0.01	10
537	7	92	16069.5791	0	0.01	9
538	8	92	16108.23528	1	0.01	10
539	0	93	15771.03623	0	0.01	10
540	7	93	16076.39343	0	0.01	9
541	0	94	15778.89451	0	0.01	10
542	7	94	16083.26425	0	0.01	9
543	0	95	15786.81049	0	0.01	10
544	5	95	16010.59376	1	0.01	9
545	7	95	16090.21865	0	0.01	9
546	2	96	15888.32876	0	0.01	10
547	5	96	16017.94028	1	0.01	9
548	7	96	16097.25734	0	0.01	9
549	2	97	15896.13347	0	0.01	10
550	2	97	15896.14243	1	0.01	10
551	5	97	16025.29591	0	0.01	10
552	5	97	16025.31324	1	0.01	9
553	7	97	16104.35752	0	0.01	9
554	1	98	15858.23474	0	0.01	10
555	2	98	15904.01323	0	0.01	10
556	2	98	15904.01381	1	0.01	10
557	5	98	16032.76637	0	0.01	10
558	5	98	16032.77397	1	0.01	10
559	7	98	16111.51419	0	0.01	1
560	7	98	16111.57649	1	0.01	1
561	10	98	16219.38761	0	0.01	10
562	16	98	16401.61433	0	0.01	10
563	0	99	15819.21967	0	0.01	10
564	1	99	15866.32362	0	0.01	10
565	1	99	15866.31494	1	0.01	10
566	2	99	15911.96495	0	0.01	10
567	2	99	15911.96	1	0.01	10
568	5	99	16040.29941	0	0.01	10
569	5	99	16040.30689	1	0.01	10
570	7	99	16118.73794	0	0.01	1
571	7	99	16118.80675	1	0.01	1
572	1	100	15874.47487	0	0.01	10
573	1	100	15874.47129	1	0.01	10
574	2	100	15919.99515	0	0.01	10
575	2	100	15919.97852	1	0.01	10
576	5	100	16047.88939	0	0.01	10
577	5	100	16047.8987	1	0.01	10
578	6	100	16087.695	1	0.01	9
579	7	100	16126.02585	0	0.01	1
580	7	100	16126.09551	1	0.01	1
581	1	101	15882.70393	0	0.01	10
582	1	101	15882.69804	1	0.01	10
583	2	101	15928.07695	0	0.01	10
584	2	101	15928.03918	1	0.01	10
585	4	101	16014.48021	0	0.01	10
586	5	101	16055.54814	0	0.01	10
587	5	101	16055.55659	1	0.01	10
588	7	101	16133.35528	0	0.01	1
589	7	101	16133.45497	1	0.01	1
590	13	101	16335.5697	1	0.01	10
591	1	102	15891.00324	0	0.01	10
592	1	102	15890.9968	1	0.01	10
593	2	102	15936.24492	1	0.01	10
594	4	102	16022.3546	0	0.01	10
595	5	102	16063.26529	0	0.01	10
596	5	102	16063.28665	1	0.01	10
597	7	102	16140.70098	0	0.01	1
598	7	102	16140.87409	1	0.01	1
599	1	103	15899.37121	0	0.01	10
600	1	103	15899.36607	1	0.01	10
601	4	103	16030.28416	0	0.01	10
602	5	103	16071.04621	0	0.01	10
603	5	103	16071.096	1	0.01	10
604	7	103	16148.36859	1	0.01	9
605	12	103	16318.16515	1	0.01	10
606	13	103	16348.93149	0	0.01	10
607	1	104	15907.81045	0	0.01	10
608	1	104	15907.8035	1	0.01	10
609	2	104	15952.76089	0	0.01	10
610	4	104	16038.29143	0	0.01	10
611	4	104	16038.29971	1	0.01	10
612	5	104	16078.91718	1	0.01	10
613	7	104	16156.0241	0	0.01	9
614	1	105	15916.3188	0	0.01	10
615	1	105	15916.31593	1	0.01	10
616	2	105	15961.12721	0	0.01	10
617	4	105	16046.36823	0	0.01	10
618	4	105	16046.36997	1	0.01	10
619	7	105	16163.57066	0	0.01	9
620	10	105	16268.23181	1	0.01	10
621	1	106	15924.89954	0	0.01	10
622	1	106	15924.8937	1	0.01	10
623	2	106	15969.55928	0	0.01	10
624	4	106	16054.45534	0	0.01	9
625	4	106	16054.50081	1	0.01	10
626	5	106	16078.66451	1	0.01	3
627	7	106	16171.20349	0	0.01	9
628	2	107	15978.05862	0	0.01	10
629	4	107	16062.72829	0	0.01	10
630	4	107	16062.69512	1	0.01	10
631	7	107	16178.89896	0	0.01	10
632	10	107	16282.68192	0	0.01	10
633	2	108	15986.62632	0	0.01	10
634	4	108	16070.97103	0	0.01	10
635	4	108	16070.95573	1	0.01	10
636	7	108	16186.67764	0	0.01	10
637	2	109	15995.25863	0	0.01	10
638	2	109	15995.25376	1	0.01	10
639	4	109	16079.28761	0	0.01	10
640	4	109	16079.26988	1	0.01	10
641	5	109	16119.11014	0	0.01	10
642	7	109	16194.50134	0	0.01	10
643	2	110	16003.96958	0	0.01	10
644	2	110	16003.95305	1	0.01	10
645	3	110	16046.55871	0	0.01	10
646	3	110	16046.54338	1	0.01	10
647	4	110	16087.6691	0	0.01	10
648	4	110	16087.66807	1	0.01	10
649	2	111	16012.72608	0	0.01	10
650	2	111	16012.7185	1	0.01	10
651	3	111	16055.16323	0	0.01	10
652	3	111	16055.14359	1	0.01	10
653	4	111	16096.11681	0	0.01	10
654	4	111	16096.1328	1	0.01	10
655	18	111	16530.93769	0	0.01	10
656	2	112	16021.55487	0	0.01	10
657	2	112	16021.5474	1	0.01	10
658	3	112	16063.82391	0	0.01	10
659	3	112	16063.81196	1	0.01	10
660	4	112	16104.62433	0	0.01	10
661	2	113	16030.45027	0	0.01	10
662	2	113	16030.44174	1	0.01	10
663	3	113	16072.56079	0	0.01	10
664	3	113	16072.55507	1	0.01	10
665	4	113	16113.19302	0	0.01	10
666	14	113	16443.6723	1	0.01	10
667	2	114	16039.40825	0	0.01	10
668	2	114	16039.39888	1	0.01	10
669	3	114	16081.35362	0	0.01	10
670	3	114	16081.3465	1	0.01	10
671	2	115	16048.43197	0	0.01	10
672	2	115	16048.42374	1	0.01	10
673	3	115	16090.21326	0	0.01	10
674	3	115	16090.20421	1	0.01	10
675	16	115	16508.44166	1	0.01	10
676	2	116	16057.51735	0	0.01	10
677	2	116	16057.50348	1	0.01	10
678	3	116	16099.12626	0	0.01	10
679	3	116	16099.12135	1	0.01	10
680	2	117	16066.66364	0	0.01	10
681	3	117	16108.16615	0	0.01	9
682	3	117	16108.09872	1	0.01	10
683	16	117	16521.60965	1	0.01	10
684	25	117	16702.43441	1	0.01	10
685	2	118	16075.89013	0	0.01	10
686	3	118	16117.1576	0	0.01	10
687	3	118	16117.13626	1	0.01	10
688	5	118	16195.36574	1	0.01	9
689	6	118	16232.135	0	0.01	10
690	2	119	16085.16086	0	0.01	10
691	3	119	16126.26121	0	0.01	10
692	6	119	16240.68235	0	0.01	10
693	16	119	16534.64339	1	0.01	10
694	3	120	16135.42383	0	0.01	10
695	6	120	16249.29492	0	0.01	1
696	6	120	16249.33344	1	0.01	1
697	6	121	16257.96525	0	0.01	1
698	6	121	16257.98442	1	0.01	1
699	13	121	16473.91811	0	0.01	10
700	6	122	16266.68334	0	0.01	1
701	6	122	16266.70153	1	0.01	1
702	3	123	16163.27414	0	0.01	10
703	5	123	16239.54007	0	0.01	10
704	6	123	16275.44929	0	0.01	1
705	6	123	16275.4703	1	0.01	1
706	5	124	16248.54918	0	0.01	10
707	6	124	16284.25921	0	0.01	1
708	6	124	16284.29366	1	0.01	1
709	5	125	16257.60008	0	0.01	9
710	5	125	16257.59796	1	0.01	10
711	6	125	16293.16559	1	0.01	10
712	1	126	16110.38412	0	0.01	10
713	5	126	16266.78306	0	0.01	10
714	5	126	16266.74066	1	0.01	10
715	6	126	16302.13067	0	0.01	10
716	5	127	16275.93794	0	0.01	10
717	5	127	16275.91879	1	0.01	10
718	6	127	16311.08758	0	0.01	10
719	7	127	16344.78863	0	0.01	10
720	5	128	16285.16341	0	0.01	10
721	5	128	16285.14987	1	0.01	10
722	13	128	16526.74565	1	0.01	10
723	5	129	16294.43465	0	0.01	10
724	5	129	16294.42523	1	0.01	10
725	6	129	16329.15471	1	0.01	10
726	5	130	16303.76566	0	0.01	10
727	5	130	16303.74947	1	0.01	10
728	5	131	16313.13323	0	0.01	10
729	5	131	16313.12698	1	0.01	10
730	5	132	16322.55449	0	0.01	10
731	5	132	16322.53802	1	0.01	10
732	5	133	16332.02923	0	0.01	10
733	10	133	16487.43045	0	0.01	10
734	11	133	16514.55051	0	0.01	10
735	22	133	16744.73724	0	0.01	10
736	5	134	16341.54784	0	0.01	10
737	9	138	16502.61376	1	0.01	10
738	4	143	16396.07513	1	0.01	10
739	9	150	16610.63489	0	0.01	10
740     15      150	16740.99649	0	0.01	10
741	11	168	16815.93538	0	0.01	10




v'	J'	v''	J''	 E', cm-1 
--------------------------------------------------------
0	70	0	69	15617.645
0	28	0	28	15433.55
4	39	2	39	15679.81
6	47	1	47	15789.22
7	48	1	47	15836.102
7	44	1	43	15822.93
7	31	0	31	15780.98
8	78	1	77	16019.72
8	51	0	52	15882.598
8	53	0	53	15889.22
8	48	0	48	15872.46
8	50	0	49	15879.22
8	45	0	46	15862.99
8	8	0	8	15789.13
9	49	2	49	15923.35
9	77	0	77	16052.74
9	30	1	29	15871.02
9	21	0	22	15846.14
9	19	0	18	15843.11
9	16	0	16	15839.13
9	11	0	10	15844.77
10	20	3	20	15894.8
10	40	2	40	15928.4
10	86	0	85	16141.65
10	73	0	73	16064.44
10	61	0	61	16010.71
10	59	0	58	15990.37
10	48	0	48	15952.12
10	46	0	47	15953.55
10	47	0	46	15949.06
10	43	0	42	15936.94
10	56	0	56	16016.62
10	36	0	37	15917.81
10	40	0	39	15928.4
10	35	0	36	15915.29
10	34	0	35	15912.86
10	39	0	38	15925.68
10	38	0	37	15922.99
10	31	0	30	15905.89
10	26	0	26	15895.63
10	28	0	27	15899.52
10	27	0	26	15897.53
11	82	2	83	16153.56
11	58	0	58	16024.26
11	57	0	57	16031.96
11	51	0	51	16000.35
11	48	0	48	15990.59
11	46	0	46	15984.42
11	48	0	48	15999
11	41	0	41	15969.91
11	34	0	35	15951.9
11	36	0	36	15956.78
11	31	0	31	15945.12
11	26	0	26	15935.06
11	21	0	21	15926.65
12	38	1	38	15999.6
12	75	0	75	16150.79
12	31	1	32	15983.29
12	73	0	72	16140.47
12	12	1	12	15954.61
12	65	0	65	16101.81
12	61	0	61	16072.72
12	53	0	53	16044.17
13	72	0	72	16165.11
13	33	1	32	16024.52
14	23	2	23	16051.71
14	20	2	20	16082.93
14	22	2	21	16085.61
15	37	1	37	16104.36
0-1	51	0	51	15540.06
1-2	52	0	52	15587.86
1-2	49	0	49	15577.7
1-2	47	0	46	15571.55
1-2	44	0	44	15562.7
10-11	32	0	32	15947.33
10-11	22	0	22	15928.91
11-12	67	1	67	16096.29
11-12	60	1	61	16069.19
11-12	55	0	54	16051.03
11-12	36	0	35	15994.52
12-13	36	1	36	16031.48
14-15	36	1	35	16101.93
14-15	49	1	49	16136.9
14-15	38	1	38	16106.72
14-15	36	1	36	16102.02
14-15	35	1	35	16099.82
2-3	74	0	74	15766.61
3-4	43	0	43	15647.21
3-4	28	0	29	15611.62
3-4	28	0	27	15611.63
4-5	94	0	93	16000.09
4-5	79	0	79	15900.65
4-5	73	0	72	15847.36
4-5	27	0	28	15609.76
4-5	38	0	39	15677.45
4-5	32	0	31	15663.353
4-5	28	0	28	15665.16
5-6	73	0	73	15888.3
5-6	70	0	70	15784.59
5-6	69	0	69	15870.14
5-6	65	0	65	15852.91
5-6	19	0	19	15684.22
6-7	61	0	61	15836.51
6-7	70	0	69	15916.41
9-10	73	0	73	16047.44
