++++++++++++++++++++++++++++++++++++++++++++++++++++++++++++++++++++++++++++++++++
+   Transitions from the X1Sigma+ state of NaCs to the B1P and the perturbed [B1P, b3P, c3S+]
+   complex levels, induced by a dye laser (DCM dye) in a single-mode regime.
+   
+
+   J. Zaharova, O. Docenko, M. Tamanis, R. Ferber
+   Laser Center, Department of Physics, University of Latvia, 
+   Rainis Boulevard 19, LV 1586 Riga, Latvia
+
+   A. Pashov
+   Department of Physics, Sofia University, James Bourchier Boulevard 5, 1164
+   Sofia, Bulgaria
+
+   H. Knoeckel and E.Tiemann
+   Institut fuer Quantenoptik, Universitaet Hannover, Welfengarten 1,
+   30167 Hannover, Germany
+
+  October 2004, October 2005, Hannover
+  
+
++++++++++++++++++++++++++++++++++++++++++++++++++++++++++++++++++++++++++++++++++


Notations: 

v', J', v", J":   vibrational and rotational quantum numbers of the excited B1P state level
		  and the absorbing X1S+ level, respectively.

		  In some few cases v' is given approximately because upper state level is strongly perturbed,
		  (v' interval of B1P state vibrational levels is given).

		  

Laser:  dye laser frequency in cm-1.
m:	with marker 3 show transitions  to the perturbed [B1P, b3P, c3S+] complex levels.
*       with marker * show very weakly transitions


v'	J'	v"	J"	Laser		m
_________________________________________________
0	80	3	80	14966.70	
0	76	3	77	14966.70	
1	126	2	126	14966.70	
10	65	8	66	14966.70	
2	81	4	81	14966.83	
4	80	5	80	14966.83	
1	56	4	56	14967.59	
3	123	3	123	14967.59	
4	23	6	22	14967.59	
4	19	6	19	14967.59	
1	102	3	101	14968.34	
4	76	5	77	14968.34	
6	127	4	127	14968.34	
2	112	3	112	14968.60	
8	8	8	8	14968.60	
1	45	4	46	14977.94	
3	52	5	52	14977.94	
1	91	3	92	14978.23	
4	72	5	73	14978.23	
4	72	5	72	14986.37	
4	143	2	144	14986.37	
10	138	4	139	14986.46	
3	115	3	116	14986.77	
0	62	3	62	15002.02	
1	26	4	26	15002.02	
7	127	4	127	15002.02	
10	53	8	53	15002.02	
0	66	3	65	15002.43	
5	83	5	83	15002.43	
1	29	4	28	15003.04	
12	45	9	45	15003.04	
2	98	3	99	15003.70	
2	64	4	64	15003.70	
11	168	2	168	15003.70	
0	99	1	99	15108.61	
4	55	4	56	15108.61	
5	129	2	129	15108.61	
2	82	2	83	15144.89	
4	109	2	110	15144.89	
4	107	1	107	15259.43	
6	100	2	101	15259.43	
7	88	3	88	15259.43	
10	61	5	61	15259.43	
12	55	6	55	15259.43	
2	82	1	81	15259.45	
5	118	1	117	15266.83	
6	123	1	123	15266.83	
4	67	2	67	15282.85	
2	62	1	63	15287.86	
9	16	5	17	15287.86	
9	30	5	29	15287.86	*
10	48	5	49	15287.86	
10	105	3	106	15287.86	
1	33	1	32	15290.00	
3	37	2	36	15290.00	
9	150	0	150	15290.00	
9	13	5	14	15290.00	
0	70	0	69	15290.50	3
6	118	1	118	15290.50	
7	27	4	27	15290.50	
10	107	3	107	15290.50	
12	103	4	102	15290.50	
2	36	1	37	15330.07	
10	98	3	98	15330.07	
11	49	5	49	15330.07	
0	28	0	28	15337.26	3
3	65	1	65	15337.26	
4	31	2	32	15337.26	
5	100	1	99	15337.26	
10	133	1	133	15337.26	
4	80	1	81	15337.75	
4	34	2	34	15337.75	
5	66	2	65	15337.75	
0-1	51	0	51	15337.75	3
4	39	2	39	15345.29	3
6	129	0	128	15345.29	
4	78	1	77	15361.16	
3	48	1	49	15362.41	
4	105	0	105	15362.41	
3	54	1	53	15364.37	
8	65	3	65	15364.37	
11	133	1	133	15364.37	
1-2	52	0	52	15379.56	3
1	30	0	30	15386.99	
4	67	1	66	15386.99	
5	106	0	107	15386.99	
5	109	0	109	15386.99	
1-2	49	0	49	15386.99	3
3	77	0	78	15397.42	
1-2	47	0	46	15397.42	3
6	55	2	55	15398.40	
7	7	3	8	15398.40	
12	121	2	121	15398.40	
1-2	44	0	44	15398.40	3
2-3	74	0	74	15398.40	3
2	55	0	55	15405.25	
3	5	1	4	15405.25	
3	74	0	75	15405.25	
5	72	1	71	15420.37	
15	150	0	150	15420.37	
2	11	0	11	15450.66	
4	15	1	15	15450.66	
4-5	94	0	93	15450.66	3
3-4	43	0	43	15488.60	3
4-5	79	0	79	15488.60	3
7	8	2	8	15495.92	
11	62	3	61	15495.92	
13	101	2	102	15495.92	
4-5	73	0	72	15495.92	3
7	101	0	101	15495.97	
4	61	0	60	15496.74	
5	15	1	16	15496.74	
4	46	0	47	15511.28	
6	47	1	47	15511.98	3
11	82	2	83	15511.98	3
3-4	28	0	29	15511.98	3
4	48	0	48	15513.46	
4-5	27	0	28	15513.46	3
3-4	28	0	27	15518.56	3
5-6	73	0	73	15528.54	3
5	64	0	64	15528.61	
11	80	2	80	15528.61	
12	128	0	129	15528.61	
8	78	1	77	15528.74	3
10	20	3	20	15528.74	3
13	37	4	36	15528.74	
4	26	0	27	15537.98	
9	49	2	49	15537.98	3
11	99	1	100	15537.98	
4-5	38	0	39	15537.98	3
6	20	1	21	15539.48	
8	9	2	9	15539.48	
5-6	70	0	70	15539.48	3
5-6	69	0	69	15543.03	3
7	44	1	44	15556.66	
10	61	2	60	15556.66	
4-5	32	0	31	15556.66	3
5-6	65	0	65	15556.66	3
7	48	1	47	15558.85	3
8	92	0	93	15558.85	
11	71	2	71	15558.85	
4-5	28	0	28	15558.85	3
7	44	1	43	15566.54	3
6-7	61	0	61	15569.34	3
7	20	1	19	15589.30	
8	54	1	53	15589.30	
10	40	2	40	15589.30	3
6-7	70	0	69	15589.30	3
7	68	0	69	15612.89	
5-6	19	0	19	15612.89	3
9	77	0	77	15658.55	3
13	59	2	60	15658.55	
9	75	0	74	15673.33	
9	30	1	29	15673.33	3
10	86	0	85	15673.33	3
13	56	2	56	15673.33	
14	18	3	18	15673.33	
19	81	3	81	15673.33	
7	31	0	31	15674.28	3
8	51	0	52	15674.28	3
13	113	0	112	15674.28	
8	53	0	53	15674.83	3
10	83	0	83	15674.83	
16	117	0	118	15674.83	
23	59	5	59	15674.83	
7	28	0	27	15680.93	
8	48	0	48	15687.38	3
11-12	67	1	67	15687.66	3
9-10	73	0	73	15687.66	3
7	16	0	16	15687.87	
8	48	0	49	15687.87	
15	119	0	118	15687.87	
15	115	0	116	15687.87	
7	15	0	15	15688.50	
8	50	0	49	15688.50	3
13	103	0	103	15688.50	
22	133	0	133	15688.50	
8	45	0	46	15688.85	3
10	40	1	41	15688.85	
10	73	0	73	15704.65	3
11-12	60	1	61	15704.65	3
11	76	0	76	15735.47	
8	8	0	8	15735.63	3
10	64	0	64	15735.63	
10	61	0	61	15743.53	3
10	59	0	58	15743.83	3
12	38	1	38	15766.74	3
10	48	0	48	15767.04	3
9	21	0	22	15767.52	3
9	19	0	18	15773.98	3
10	46	0	47	15773.98	3
9	16	0	16	15774.04	3
12	75	0	75	15774.04	3
12	41	1	40	15774.04	
18	111	0	111	15774.04	
10	47	0	46	15774.90	3
12	31	1	32	15774.90	3
14	23	2	23	15774.90	3
11	58	0	58	15777.73	3
12	39	1	38	15777.73	
10	43	0	42	15783.30	3
10	56	0	56	15783.30	3
10	36	0	37	15787.21	3
14	6	2	5	15787.21	
10	40	0	39	15788.93	3
10	35	0	36	15788.96	3
9	11	0	10	15789.04	3
12	73	0	72	15789.04	3
10	34	0	35	15790.68	3
10	39	0	38	15790.68	3
11	57	0	57	15792.08	3
10	38	0	37	15792.40	3
11	51	0	51	15798.00	3
12	12	1	12	15798.00	3
12	68	0	68	15798.00	
14-15	98	0	98	15798.00	
10	31	0	30	15802.77	3
13	74	0	75	15802.77	
11	48	0	48	15805.51	3
12	65	0	65	15805.55	3
12	61	0	61	15805.55	3
10	26	0	26	15805.68	3
10	28	0	27	15806.44	3
12-13	36	1	36	15807.23	3
10	27	0	26	15807.58	3
21	61	3	61	15807.58	
11	46	0	46	15810.28	3
13	72	0	72	15813.69	3
14	20	2	20	15813.69	3
11	48	0	48	15813.93	3
12	60	0	61	15813.93	
14	22	2	21	15813.93	3
11	47	0	47	15816.14	
13	33	1	32	15816.14	3
11	41	0	41	15821.10	3
11	34	0	35	15829.72	3
12	53	0	53	15829.78	3
11	36	0	36	15830.44	3
11-12	55	0	54	15830.44	3
10-11	32	0	32	15836.94	3
11	31	0	31	15838.42	3
16	71	1	71	15838.42	
11	26	0	26	15845.11	3
14-15	49	1	49	15848.54	3
10-11	22	0	22	15849.57	3
11	21	0	21	15850.58	3
11-12	36	0	35	15872.36	3
14-15	38	1	38	15873.86	3
24	61	3	62	15873.86	
15	37	1	37	15875.86	3
21	39	3	38	15875.86	
21	37	3	37	15875.86	
14-15	36	1	36	15877.79	3
14-15	35	1	35	15879.69	3
25	117	0	116	15881.83	
14-15	36	1	35	15881.83	3
					
					
					
					
					
					
					
					
					
