+++++++++++++++++++++++++++++++++++++++++++++++++++++++++++++++++++++++++++++++++
+   Table with differences between experimental and calculated energies for fited levels
+
+   J. Zaharova, O. Docenko, M. Tamanis, R. Ferber
+   Laser Center, Department of Physics, University of Latvia, 
+   Rainis Boulevard 19, LV 1586 Riga, Latvia
+
+   A. Pashov
+   Department of Physics, Sofia University, James Bourchier Boulevard 5, 1164
+   Sofia, Bulgaria
+
+   H. Knoeckel and E.Tiemann
+   Institut fuer Quantenoptik, Universitaet Hannover, Welfengarten 1,
+   30167 Hannover, Germany
+
+  October 2004, October 2005, Hannover
+  
+
++++++++++++++++++++++++++++++++++++++++++++++++++++++++++++++++++++++++++++++++++


Notations: 

v',J':		  vibrational and rotational quantum numbers of the excited B1P state level 

Ecalc, Diff 	experimental energy, calculated energy and 
			differences between experimental and calculated 
			energies of the excited B1P state level

par:	  	for f levels -  0, for e levels - 1


iso:            An integer i. In the final fit only transitions with  
                i=5,8,10 were used.

		  


v'	J'	Ecalc		Diff		par	iso
===================================================================					
0	58	15545.40941	0.0033		0	10
0	59	15550.48825	-0.00274	0	10
0	60	15555.64975	-0.00198	0	10
0	61	15560.89375	7.00E-05	0	10
0	62	15566.22007	-0.00353	0	10
0	63	15571.62852	-0.00528	0	10
0	64	15577.11891	0.0065		0	10
0	65	15582.69107	-0.00765	0	10
0	66	15588.34479	0.00519		0	10
0	67	15594.07989	-0.00325	0	10
0	68	15599.89617	-0.00192	0	10
0	69	15605.79342	0.00153		0	10
0	70	15611.77144	-0.00601	0	10
0	71	15617.83003	-0.00914	0	10
0	72	15623.96897	0.00345		0	10
0	73	15630.18805	-0.00181	0	10
0	74	15636.48705	0.01135		0	10
0	75	15642.86575	0.00716		0	10
0	76	15649.32392	-0.01186	0	10
0	77	15655.86133	0.00453		0	10
0	78	15662.47777	0.00608		0	10
0	79	15669.17298	0.00375		0	10
0	80	15675.94673	-0.00126	0	10
0	81	15682.79877	0.00857		0	10
0	82	15689.72887	-1.70E-04	0	10
0	83	15696.73678	0.00312		0	10
0	84	15703.82223	0.0029		0	10
0	85	15710.98497	-0.0055		0	10
0	86	15718.22474	-7.40E-04	0	10
0	87	15725.54128	-0.00556	0	10
0	88	15732.93431	8.10E-04	0	10
0	89	15740.40358	-0.00562	0	10
0	90	15747.94879	-0.00277	0	10
0	91	15755.56967	0.00866		0	10
0	92	15763.26594	0.00128		0	10
0	93	15771.03731	-0.00108	0	10
0	94	15778.88348	0.01103		0	10
0	95	15786.80416	0.00633		0	10
0	99	15819.22595	-0.00628	0	10
0	61	15560.89175	0.00924		1	10
0	62	15566.218	7.10E-04	1	10
0	63	15571.62638	0.00234		1	10
0	64	15577.11671	-0.0065		1	10
0	65	15582.6888	0.00409		1	10
0	66	15588.34245	0.0016		1	10
0	67	15594.07748	-0.00165	1	10
0	68	15599.89368	-0.00452	1	10
0	69	15605.79086	-0.00187	1	10
0	70	15611.76881	-0.00584	1	10
0	71	15617.82732	-0.00326	1	10
0	72	15623.96619	-6.00E-04	1	10
0	73	15630.18519	0.00114		1	10
0	74	15636.48411	-1.90E-04	1	10
0	75	15642.86272	0.00271		1	10
0	76	15649.32082	0.0064		1	10
0	77	15655.85815	-9.70E-04	1	10
0	78	15662.4745	9.00E-04	1	10
0	79	15669.16963	0.00174		1	10
0	80	15675.94329	-0.00155	1	10
0	81	15682.79525	0.00269		1	10
0	82	15689.72527	0.00196		1	10
0	83	15696.73308	-0.00134	1	10
0	84	15703.81844	8.70E-04	1	10
0	85	15710.98109	-2.60E-04	1	10
0	86	15718.22077	-0.00634	1	10
0	87	15725.53722	-0.00103	1	10
0	88	15732.93016	-0.00632	1	10
0	89	15740.39933	-0.00662	1	10
1	26	15480.2758	0.02188		0	10
1	30	15490.09606	-0.011		0	10
1	39	15517.16621	0.00636		0	10
1	40	15520.59686	0.00553		0	10
1	41	15524.11168	0.00554		0	10
1	42	15527.71054	0.00449		0	10
1	43	15531.39332	0.00463		0	10
1	44	15535.15991	0.00586		0	10
1	45	15539.01017	0.00398		0	10
1	46	15542.94396	0.00378		0	10
1	47	15546.96115	0.00323		0	10
1	48	15551.06161	7.00E-05	0	10
1	49	15555.24519	0.00131		0	10
1	50	15559.51175	0.00109		0	10
1	51	15563.86114	0.00193		0	10
1	52	15568.29321	0.00118		0	10
1	53	15572.8078	7.00E-04	0	10
1	54	15577.40476	6.00E-05	0	10
1	55	15582.08393	-1.00E-05	0	10
1	56	15586.84515	-0.00102	0	10
1	57	15591.68824	-0.00109	0	10
1	58	15596.61304	-0.00243	0	10
1	60	15606.70707	-1.30E-04	0	10
1	61	15611.87594	-0.00124	0	10
1	62	15617.1258	-0.00443	0	10
1	63	15622.45647	-0.00286	0	10
1	64	15627.86776	-0.00449	0	10
1	65	15633.35947	-0.00394	0	10
1	66	15638.93141	-0.00846	0	10
1	67	15644.58338	-0.01133	0	10
1	68	15650.31517	-0.0173		0	10
1	98	15858.23057	0.00417		0	10
1	99	15866.31609	0.00753		0	10
1	100	15874.47296	0.00191		0	10
1	101	15882.70083	0.0031		0	10
1	102	15890.99938	0.00386		0	10
1	103	15899.36825	0.00296		0	10
1	104	15907.80711	0.00334		0	10
1	105	15916.3156	0.0032		0	10
1	106	15924.89336	0.00618		0	10
1	126	16110.39854	-0.01442	0	10
1	29	15487.51253	-0.01779	1	10
1	33	15498.35551	-0.01611	1	10
1	41	15524.11076	0.01749		1	10
1	42	15527.70958	0.00628		1	10
1	43	15531.39232	-0.00252	1	10
1	44	15535.15886	0.0055		1	10
1	45	15539.00907	0.0056		1	10
1	46	15542.94281	0.00539		1	10
1	47	15546.95996	0.00172		1	10
1	48	15551.06036	0.00473		1	10
1	49	15555.24389	0.0053		1	10
1	50	15559.5104	-0.00247	1	10
1	51	15563.85973	-0.00205	1	10
1	52	15568.29175	9.00E-04	1	10
1	53	15572.80628	-8.70E-04	1	10
1	54	15577.40319	0.00127		1	10
1	55	15582.0823	-3.70E-04	1	10
1	56	15586.84346	-8.90E-04	1	10
1	57	15591.68649	-0.00117	1	10
1	58	15596.61123	-0.00102	1	10
1	59	15601.6175	-0.00169	1	10
1	60	15606.70513	-0.00304	1	10
1	61	15611.87393	-0.00159	1	10
1	62	15617.12373	-0.00312	1	10
1	63	15622.45433	-0.00446	1	10
1	64	15627.86555	-0.0051		1	10
1	91	15803.65211	-0.02107	1	10
1	99	15866.31085	0.00409		1	10
1	100	15874.4676	0.00369		1	10
1	101	15882.69537	0.00267		1	10
1	102	15890.99381	0.00299		1	10
1	103	15899.36258	0.00349		1	10
1	104	15907.80132	0.00218		1	10
1	105	15916.3097	0.00623		1	10
1	106	15924.88735	0.00635		1	10
2	11	15507.57208	0.03855		0	9
2	32	15546.84405	0.00727		0	10
2	33	15549.64129	0.00464		0	10
2	34	15552.52219	0.00394		0	10
2	35	15555.48665	0.00428		0	10
2	36	15558.53456	0.00635		0	10
2	37	15561.66582	0.00372		0	10
2	38	15564.88033	0.00677		0	10
2	39	15568.17797	3.80E-04	0	10
2	40	15571.55862	0.00473		0	10
2	41	15575.02216	-0.00519	0	10
2	42	15578.56848	-0.00151	0	10
2	43	15582.19746	-0.00533	0	10
2	44	15585.90895	-0.01276	0	10
2	45	15589.70284	-0.01661	0	10
2	54	15627.5323	-0.00698	0	10
2	55	15632.14221	-0.01286	0	10
2	56	15636.83286	-0.01284	0	10
2	57	15641.60408	-0.01321	0	10
2	58	15646.45569	-0.01813	0	10
2	59	15651.38753	-0.02194	0	10
2	60	15656.39941	-0.02594	0	10
2	61	15661.49114	-0.02864	0	10
2	62	15666.66254	-0.03933	0	9
2	63	15671.91341	-0.05978	0	9
2	64	15677.24358	-0.12401	0	9
2	69	15705.07659	0.03433		0	9
2	70	15710.87818	0.0236		0	10
2	71	15716.75758	0.01933		0	10
2	72	15722.71459	0.02155		0	10
2	73	15728.74896	0.01605		0	10
2	74	15734.86048	0.01439		0	10
2	75	15741.04891	0.01303		0	10
2	76	15747.314	0.0107		0	10
2	77	15753.65551	0.00922		0	10
2	78	15760.0732	0.00684		0	10
2	79	15766.56682	0.00488		0	10
2	80	15773.13611	0.00584		0	10
2	81	15779.78081	0.0062		0	10
2	82	15786.50066	0.00157		0	10
2	83	15793.29539	0.0044		0	10
2	84	15800.16474	-0.00144	0	10
2	85	15807.10842	-0.00289	0	10
2	86	15814.12616	-0.0093		0	10
2	87	15821.21767	0.00448		0	10
2	88	15828.38266	0.00275		0	10
2	89	15835.62084	4.90E-04	0	10
2	90	15842.93192	-0.00198	0	10
2	91	15850.31559	-0.01182	0	10
2	96	15888.31195	0.01681		0	10
2	97	15896.12459	0.00888		0	10
2	98	15904.00758	0.00565		0	10
2	99	15911.96058	0.00437		0	10
2	100	15919.98326	0.01189		0	10
2	101	15928.07527	0.00168		0	10
2	104	15952.76363	-0.00274	0	10
2	105	15961.12934	-0.00213	0	10
2	106	15969.56254	-0.00326	0	10
2	107	15978.06288	-0.00426	0	10
2	108	15986.62995	-0.00363	0	10
2	109	15995.26337	-0.00474	0	10
2	110	16003.96276	0.00682		0	10
2	111	16012.72769	-0.00161	0	10
2	112	16021.55778	-0.00291	0	10
2	113	16030.4526	-0.00233	0	10
2	114	16039.41175	-0.0035		0	10
2	115	16048.43479	-0.00282	0	10
2	116	16057.52129	-0.00394	0	10
2	117	16066.67083	-0.00719	0	10
2	118	16075.88295	0.00718		0	10
2	119	16085.15722	0.00364		0	10
2	31	15544.13004	0.00962		1	10
2	32	15546.84349	0.00672		1	10
2	33	15549.6407	0.00386		1	10
2	34	15552.52156	0.00854		1	10
2	35	15555.48598	0.00237		1	10
2	36	15558.53385	0.0052		1	10
2	37	15561.66508	0.00181		1	10
2	38	15564.87954	0.00339		1	10
2	39	15568.17714	-0.00271	1	10
2	40	15571.55775	-0.00616	1	10
2	41	15575.02125	-0.00164	1	10
2	42	15578.56753	-0.00425	1	10
2	54	15627.53073	-0.00841	1	10
2	55	15632.14058	-0.01447	1	10
2	56	15636.83117	-0.01913	1	10
2	57	15641.60233	-0.01549	1	10
2	58	15646.45388	-0.01901	1	10
2	59	15651.38565	-0.02225	1	10
2	60	15656.39747	-0.02556	1	10
2	61	15661.48913	-0.02808	1	10
2	62	15666.66047	-0.03697	1	9
2	63	15671.91128	-0.05198	1	9
2	64	15677.24137	-0.08443	1	9
2	65	15682.65055	-0.16782	1	9
2	75	15741.04589	0.01174		1	10
2	76	15747.31089	0.01307		1	10
2	77	15753.65233	0.01086		1	10
2	78	15760.06994	0.00433		1	10
2	79	15766.56347	0.00617		1	10
2	80	15773.13267	0.00464		1	10
2	81	15779.77729	0.00379		1	10
2	82	15786.49705	0.0051		1	10
2	83	15793.2917	0.00115		1	10
2	84	15800.16096	3.20E-04	1	10
2	85	15807.10455	5.00E-04	1	10
2	86	15814.12219	-0.00633	1	10
2	87	15821.21361	-5.30E-04	1	10
2	88	15828.37851	-0.00729	1	10
2	89	15835.6166	-0.00553	1	10
2	97	15896.11955	0.02288		1	10
2	98	15904.00244	0.01137		1	10
2	99	15911.95534	0.00466		1	10
2	100	15919.97791	6.10E-04	1	10
2	101	15928.06981	-0.03063	1	10
2	102	15936.23066	0.01426		1	10
2	109	15995.25702	-0.00326	1	10
2	110	16003.95628	-0.00323	1	10
2	111	16012.7211	-0.0026		1	10
2	112	16021.55107	-0.00367	1	10
2	113	16030.44578	-0.00404	1	10
2	114	16039.4048	-0.00592	1	10
2	115	16048.42772	-0.00398	1	10
2	116	16057.5141	-0.01062	1	10
3	26	15582.11034	0.00632		0	10
3	27	15584.36926	-7.70E-04	0	10
3	28	15586.71108	-0.00997	0	10
3	29	15589.13571	-0.00528	0	10
3	30	15591.64308	-0.00461	0	10
3	31	15594.23309	-0.00684	0	10
3	32	15596.90564	-0.01599	0	10
3	33	15599.66065	-0.00618	0	10
3	34	15602.49802	-0.02118	0	10
3	35	15605.41763	-0.01782	0	10
3	36	15608.4194	-0.01883	0	10
3	37	15611.5032	-0.01867	0	10
3	38	15614.66892	-0.02704	0	10
3	39	15617.91646	-0.02488	0	10
3	40	15621.2457	-0.03329	0	1
3	41	15624.6565	-0.03574	0	1
3	42	15628.14876	-0.03347	0	1
3	43	15631.72233	-0.0398		0	1
3	44	15635.3771	-0.0442		0	1
3	45	15639.11292	-0.05165	0	1
3	47	15646.82718	-0.01647	0	1
3	48	15650.80534	-0.02634	0	1
3	49	15654.86399	-0.03169	0	1
3	50	15659.00297	-0.03644	0	9
3	51	15663.22214	-0.0427		0	9
3	52	15667.52133	-0.0488		0	9
3	53	15671.9004	-0.0546		0	9
3	54	15676.35917	-0.06601	0	9
3	55	15680.89747	-0.07524	0	9
3	56	15685.51514	-0.08397	0	9
3	57	15690.21201	-0.10803	0	9
3	58	15694.98789	-0.15653	0	9
3	65	15730.61586	0.05731		0	9
3	69	15752.68341	0.0375		0	9
3	70	15758.39239	0.01972		0	10
3	71	15764.17774	0.01362		0	10
3	72	15770.03926	0.0132		0	10
3	73	15775.97671	0.00762		0	10
3	74	15781.98985	0.01172		0	10
3	75	15788.07845	0.01437		0	10
3	76	15794.24226	0.00995		0	10
3	77	15800.48104	0.00895		0	10
3	78	15806.79454	0.00182		0	10
3	79	15813.18249	0.00171		0	10
3	80	15819.64464	0.00559		0	10
3	81	15826.18073	0.00271		0	10
3	82	15832.79049	0.00271		0	10
3	110	16046.54331	0.0154		0	10
3	111	16055.15199	0.01124		0	10
3	112	16063.82402	-1.10E-04	0	10
3	113	16072.55897	0.00182		0	10
3	114	16081.3564	-0.00278	0	10
3	115	16090.21586	-0.0026		0	10
3	116	16099.1369	-0.01064	0	10
3	117	16108.11906	0.04709		0	9
3	118	16117.16185	-0.00425	0	10
3	119	16126.26481	-0.0036		0	10
3	120	16135.42745	-0.00362	0	10
3	123	16163.26844	0.0057		0	10
3	5	15553.9392	0.0254		1	10
3	29	15589.13525	-0.00931	1	10
3	30	15591.64259	-0.01014	1	10
3	31	15594.23256	-0.00884	1	10
3	32	15596.90508	-0.0035		1	10
3	33	15599.66006	-0.01492	1	10
3	34	15602.49739	-0.01336	1	10
3	35	15605.41697	-0.01595	1	10
3	36	15608.41869	-0.01329	1	10
3	37	15611.50245	-0.01925	1	10
3	38	15614.66814	-0.01942	1	10
3	39	15617.91564	-0.02161	1	10
3	40	15621.24483	-0.02596	1	1
3	41	15624.65559	-0.03037	1	1
3	42	15628.1478	-0.03117	1	1
3	43	15631.72133	-0.0352		1	1
3	44	15635.37605	-0.03057	1	1
3	45	15639.11182	-0.03416	1	1
3	46	15642.92852	-0.03642	1	9
3	47	15646.82599	-0.03771	1	1
3	48	15650.80409	-0.04217	1	1
3	49	15654.86269	-0.05015	1	1
3	50	15659.00162	-0.04318	1	9
3	51	15663.22073	-0.05072	1	9
3	52	15667.51987	-0.05701	1	9
3	53	15671.89888	-0.06395	1	9
3	54	15676.35759	-0.07499	1	9
3	55	15680.89584	-0.0766		1	9
3	56	15685.51345	-0.09586	1	9
3	72	15770.03648	0.01133		1	10
3	73	15775.97385	0.01874		1	10
3	74	15781.98691	0.00795		1	10
3	75	15788.07543	0.00922		1	10
3	76	15794.23916	0.01074		1	10
3	77	15800.47786	0.00921		1	10
3	78	15806.79127	0.00677		1	10
3	79	15813.17914	0.00363		1	10
3	80	15819.64121	0.00355		1	10
3	81	15826.17721	0.01004		1	10
3	82	15832.78688	0.00642		1	10
3	110	16046.53684	0.00654		1	10
3	111	16055.1454	-0.00181	1	10
3	112	16063.81731	-0.00535	1	10
3	113	16072.55214	0.00293		1	10
3	114	16081.34945	-0.00295	1	10
3	115	16090.20879	-0.00458	1	10
3	116	16099.12971	-0.00836	1	10
3	117	16108.11174	-0.01302	1	10
3	118	16117.15441	-0.01815	1	10
4	15	15612.01374	0.0138		0	10
4	19	15617.79388	0.02904		0	9
4	24	15626.86716	0.01065		0	1
4	25	15628.92761	0.00761		0	10
4	26	15631.06979	-6.00E-05	0	10
4	27	15633.29366	0.00595		0	10
4	28	15635.59913	-0.0093		0	10
4	29	15637.98609	-0.01891	0	1
4	30	15640.45451	0.00904		0	10
4	32	15645.63521	-0.04209	0	9
4	33	15648.34733	-0.0515		0	9
4	34	15651.1405	-0.05526	0	9
4	35	15654.01461	-0.06581	0	9
4	36	15656.96954	-0.07321	0	9
4	43	15679.9078	-0.06375	0	9
4	44	15683.50517	-0.06976	0	9
4	45	15687.18227	-0.08733	0	9
4	46	15690.93896	-0.08849	0	9
4	47	15694.77508	-0.09798	0	9
4	48	15698.69051	-0.12484	0	9
4	49	15702.68508	-0.13452	0	9
4	50	15706.75864	-0.15101	0	9
4	57	15737.47178	0.64706		0	9
4	58	15742.17135	0.40327		0	9
4	59	15746.94837	0.27646		0	1
4	60	15751.80265	0.2041		0	1
4	61	15756.73401	0.15022		0	1
4	62	15761.74224	0.12134		0	1
4	63	15766.82715	0.099		0	9
4	64	15771.98853	0.07635		0	9
4	65	15777.22617	0.06686		0	9
4	66	15782.53986	0.052		0	9
4	67	15787.92939	0.04108		0	9
4	68	15793.39453	0.02876		0	10
4	69	15798.93507	0.03022		0	9
4	70	15804.55078	0.02303		0	10
4	71	15810.24142	0.01419		0	10
4	72	15816.00676	0.00924		0	10
4	73	15821.84655	0.00547		0	10
4	74	15827.76057	0.00189		0	10
4	75	15833.74856	-0.00617	0	10
4	76	15839.81026	-0.00969	0	10
4	77	15845.94542	-0.01736	0	10
4	78	15852.15379	-0.02581	0	10
4	79	15858.4351	-0.03891	0	9
4	80	15864.78907	-0.1006		0	1
4	81	15871.21544	0.03899		0	1
4	82	15877.71391	-2.90E-04	0	10
4	83	15884.28423	-0.01366	0	10
4	84	15890.9261	-0.01638	0	10
4	85	15897.63922	-0.01574	0	10
4	101	16014.48434	-0.00413	0	10
4	102	16022.35963	-0.00503	0	10
4	103	16030.3001	-0.01594	0	10
4	104	16038.30535	-0.01392	0	10
4	105	16046.37499	-0.00676	0	10
4	106	16054.50861	-0.05327	0	9
4	107	16062.70583	0.02246		0	10
4	108	16070.9662	0.00483		0	10
4	109	16079.28932	-0.00171	0	10
4	110	16087.67476	-0.00566	0	10
4	111	16096.12209	-0.00528	0	10
4	112	16104.63086	-0.00653	0	10
4	113	16113.20063	-0.00761	0	10
4	23	15624.88828	0.00326		1	10
4	24	15626.86685	0.0082		1	1
4	25	15628.92726	0.0072		1	10
4	26	15631.06942	0.00709		1	10
4	27	15633.29326	1.50E-04	1	10
4	28	15635.5987	-0.00873	1	10
4	29	15637.98563	0.01592		1	1
4	31	15643.00372	-0.01129	1	10
4	42	15676.38933	-0.06919	1	9
4	43	15679.9068	-0.07984	1	9
4	44	15683.50412	-0.08198	1	9
4	45	15687.18117	-0.08877	1	9
4	46	15690.93781	-0.10052	1	9
4	47	15694.77389	-0.10585	1	9
4	48	15698.68926	-0.12767	1	9
4	49	15702.68378	-0.13734	1	9
4	50	15706.75729	-0.15978	1	9
4	55	15728.30412	-0.4449		1	9
4	59	15746.94649	0.342		1	1
4	60	15751.80071	0.24807		1	1
4	61	15756.732	0.18734		1	1
4	62	15761.74017	0.14666		1	1
4	63	15766.82501	0.11055		1	9
4	64	15771.98632	0.09407		1	9
4	65	15777.22389	0.07346		1	9
4	66	15782.53752	0.06192		1	9
4	67	15787.92697	0.04704		1	9
4	68	15793.39205	0.04199		1	9
4	69	15798.93251	0.03228		1	9
4	70	15804.54814	0.02978		1	10
4	71	15810.23871	0.02115		1	10
4	72	15816.00397	0.01845		1	10
4	73	15821.84369	0.01421		1	10
4	74	15827.75763	0.0107		1	10
4	75	15833.74553	0.00354		1	10
4	76	15839.80716	9.00E-04	1	10
4	77	15845.94224	-0.0076		1	10
4	78	15852.15052	-0.0158		1	10
4	79	15858.43174	-0.02316	1	10
4	80	15864.78564	-0.02352	1	1
4	81	15871.21192	-0.02553	1	1
4	82	15877.7103	-0.02773	1	10
4	83	15884.28054	-0.03413	1	9
4	84	15890.92232	-0.03782	1	9
4	104	16038.29956	1.50E-04	1	10
4	105	16046.36909	8.80E-04	1	10
4	106	16054.50261	-0.0018		1	10
4	107	16062.6997	-0.00458	1	10
4	108	16070.95996	-0.00423	1	10
4	109	16079.28297	-0.01309	1	10
4	110	16087.66829	-2.20E-04	1	10
4	111	16096.1155	0.0173		1	10
4	143	16396.09207	-0.01694	1	10
5	58	15788.01443	0.29644		0	9
5	59	15792.71184	0.24644		0	9
5	60	15797.4851	0.20658		0	1
5	61	15802.33403	0.17215		0	1
5	62	15807.25841	0.14568		0	1
5	63	15812.25806	0.12511		0	1
5	64	15817.33274	0.10247		0	1
5	65	15822.48226	0.08216		0	1
5	66	15827.7064	0.06947		0	1
5	67	15833.00492	0.05068		0	1
5	68	15838.37761	0.04501		0	1
5	69	15843.82423	0.02906		0	1
5	70	15849.34456	0.0171		0	1
5	71	15854.93835	0.00722		0	1
5	72	15860.60536	-0.00338	0	1
5	73	15866.34534	-0.01265	0	1
5	74	15872.15804	-0.02598	0	1
5	75	15878.04321	-0.03349	0	1
5	76	15884.00058	-0.06138	0	1
5	77	15890.02989	-0.12801	0	1
5	79	15902.30327	0.06002		0	9
5	80	15908.54678	0.00513		0	10
5	81	15914.86113	-0.0196		0	10
5	82	15921.24602	-0.04236	0	9
5	83	15927.70118	-0.04233	0	9
5	84	15934.22631	-0.05286	0	9
5	85	15940.8211	-0.06954	0	9
5	97	16025.27656	0.01935		0	10
5	98	16032.74744	0.01893		0	10
5	99	16040.28326	0.01615		0	10
5	100	16047.88364	0.00575		0	10
5	101	16055.54819	-5.00E-05	0	10
5	102	16063.27654	-0.01125	0	10
5	103	16071.06827	-0.02206	0	10
5	109	16119.12686	-0.01672	0	10
5	123	16239.54389	-0.00382	0	10
5	124	16248.56277	-0.01359	0	10
5	125	16257.63446	-0.03438	0	9
5	126	16266.75836	0.0247		0	10
5	127	16275.9339	0.00404		0	10
5	128	16285.16046	0.00295		0	10
5	129	16294.43744	-0.00279	0	10
5	130	16303.76423	0.00143		0	10
5	131	16313.14017	-0.00694	0	10
5	132	16322.56465	-0.01016	0	10
5	133	16332.03699	-0.00776	0	10
5	134	16341.55655	-0.00871	0	10
5	15	15659.99145	-0.02041	1	9
5	60	15797.48316	0.22786		1	1
5	61	15802.33202	0.19682		1	1
5	62	15807.25634	0.16929		1	1
5	63	15812.25592	0.14449		1	1
5	64	15817.33054	0.11618		1	1
5	65	15822.47999	0.09622		1	1
5	66	15827.70405	0.0897		1	1
5	67	15833.00251	0.07221		1	1
5	68	15838.37512	0.05973		1	1
5	69	15843.82167	0.03857		1	1
5	70	15849.34193	0.0316		1	1
5	71	15854.93564	0.02226		1	1
5	72	15860.60257	0.01541		1	1
5	73	15866.34247	0.01026		1	1
5	74	15872.1551	-0.00132	1	1
5	75	15878.04019	-0.00993	1	1
5	76	15883.99748	-0.01016	1	1
5	77	15890.02671	-0.0054		1	1
5	95	16010.52627	0.06749		1	9
5	96	16017.86606	0.07422		1	9
5	97	16025.27153	0.04171		1	9
5	98	16032.7423	0.03167		1	10
5	99	16040.27801	0.02888		1	10
5	100	16047.87829	0.02041		1	10
5	101	16055.54273	0.01386		1	10
5	102	16063.27097	0.01568		1	10
5	103	16071.06259	0.03341		1	10
5	104	16078.9172	-2.00E-05	1	10
5	106	16094.81375	-16.14924	1	3
5	118	16195.25372	0.11202		1	9
5	125	16257.62611	-0.02815	1	10
5	126	16266.74988	-0.00922	1	10
5	127	16275.92528	-0.00649	1	10
5	128	16285.15171	-0.00184	1	10
5	129	16294.42856	-0.00333	1	10
5	130	16303.7552	-0.00573	1	10
5	131	16313.13101	-0.00403	1	10
5	132	16322.55534	-0.01732	1	10
6	55	15819.12217	0.50112		0	9
6	118	16232.11316	0.02184		0	10
6	119	16240.67731	0.00504		0	10
6	120	16249.29496	-4.00E-05	0	1
6	121	16257.96553	-2.80E-04	0	1
6	122	16266.68851	-0.00517	0	1
6	123	16275.46331	-0.01402	0	1
6	124	16284.28938	-0.03017	0	1
6	126	16302.093	0.03767		0	10
6	127	16311.06937	0.01821		0	10
6	20	15713.89902	-0.17539	1	9
6	100	16087.66797	0.02703		1	9
6	120	16249.28726	0.04618		1	1
6	121	16257.95771	0.02671		1	1
6	122	16266.68055	0.02098		1	1
6	123	16275.45523	0.01507		1	1
6	124	16284.28117	0.01249		1	1
6	125	16293.1578	0.00779		1	10
6	129	16329.15924	-0.00453	1	10
7	8	15745.59344	-0.38131	0	9
7	15	15752.1866	-0.4327		0	9
7	16	15753.44165	-0.45683	0	9
7	27	15772.39341	-0.57032	0	9
7	88	16042.46592	1.96341		0	3
7	92	16069.31301	0.26609		0	9
7	93	16076.18523	0.2082		0	9
7	94	16083.12089	0.14336		0	9
7	95	16090.11963	0.09902		0	9
7	96	16097.18106	0.07628		0	9
7	97	16104.30478	0.05274		0	9
7	98	16111.49041	0.02378		0	1
7	99	16118.73754	4.00E-04	0	1
7	100	16126.04576	-0.01991	0	1
7	101	16133.41466	-0.05938	0	1
7	102	16140.84382	-0.14284	0	1
7	104	16155.88119	0.14291		0	9
7	105	16163.48854	0.08212		0	9
7	106	16171.15438	0.04911		0	9
7	107	16178.87827	0.02069		0	10
7	108	16186.65975	0.01789		0	10
7	109	16194.49835	0.00299		0	10
7	127	16344.77694	0.01169		0	10
7	7	15744.96513	-0.39594	1	9
7	20	15759.24275	-0.45802	1	9
7	28	15774.58199	-0.60909	1	9
7	68	15924.28886	0.06555		1	9
7	98	16111.48527	0.09122		1	1
7	99	16118.73229	0.07446		1	1
7	100	16126.04041	0.0551		1	1
7	101	16133.4092	0.04577		1	1
7	102	16140.83825	0.03584		1	1
7	103	16148.32713	0.04146		1	9
8	8	15789.93464	-0.8075		0	10
8	9	15790.62838	-0.80013	0	10
8	48	15877.15724	-4.70263	0	5
8	60	15926.58958	0.24576		0	10
8	61	15931.17715	0.20181		0	10
8	62	15935.83584	0.16343		0	10
8	63	15940.56544	0.12258		0	8
8	64	15945.36574	0.08538		0	8
8	65	15950.23652	0.04177		0	8
8	66	15955.17756	-0.0021		0	8
8	67	15960.18862	-0.03707	0	8
8	68	15965.26948	-0.10037	0	8
8	48	15877.156	1.40532		1	10
8	54	15900.56744	0.6804		1	10
8	63	15940.5633	0.21858		1	8
8	64	15945.36354	0.18044		1	8
8	65	15950.23425	0.15831		1	8
8	66	15955.17522	0.12825		1	8
8	67	15960.18621	0.10086		1	8
8	68	15965.26699	0.04651		1	8
8	92	16107.45065	0.78463		1	10
9	72	16025.5561	0.24481		0	10
9	73	16030.87458	0.14495		0	10
9	74	16036.25985	0.0701		0	8
9	75	16041.71164	0.01591		0	8
9	76	16047.22967	-0.04378	0	8
9	77	16052.81366	-0.07253	0	8
9	78	16058.46332	-0.11203	0	8
9	79	16064.17837	-0.14354	0	8
9	80	16069.95851	-0.18326	0	8
9	81	16075.80344	-0.22132	0	8
9	150	16610.65772	-0.02283	0	10
9	13	15837.16013	-1.38955	1	10
9	16	15840.56016	-1.44199	1	10
9	30	15865.35559	5.66275		1	5
9	74	16036.25691	-0.11048	1	8
9	75	16041.70862	-0.12868	1	8
9	76	16047.22657	-0.1602		1	8
9	77	16052.81048	-0.17251	1	8
9	78	16058.46006	-0.20562	1	8
9	79	16064.17502	-0.2348		1	8
9	80	16069.95508	-0.25744	1	8
9	81	16075.79992	-0.29867	1	8
9	138	16502.76416	-0.1504		1	10
10	53	15977.27925	0.73143		0	5
10	61	16010.62068	-4.05832	0	5
10	64	16024.2528	-0.14902	0	10
10	83	16124.40806	-0.40105	0	10
10	98	16219.42749	-0.03988	0	10
10	107	16282.63413	0.04779		0	10
10	133	16487.48843	-0.05798	0	10
10	40	15932.64097	2.85867		1	10
10	48	15958.69698	1.47089		1	10
10	61	16010.61866	0.30743		1	10
10	65	16028.92974	0.10707		1	10
10	105	16268.2033	0.02851		1	10
11	44	15984.24402	2.06699		0	10
11	45	15987.47172	1.90219		0	10
11	46	15990.76887	1.73865		0	10
11	47	15994.13532	1.58395		0	10
11	48	15997.57092	1.43713		0	10
11	49	16001.07551	1.28537		0	10
11	50	16004.64892	1.16195		0	10
11	51	16008.291	-7.95721	0	5
11	71	16095.25682	0.21775		0	10
11	73	16105.39674	-0.00899	0	10
11	74	16110.56231	-0.06585	0	10
11	75	16115.79126	-0.1274		0	10
11	76	16121.08331	-0.18253	0	10
11	77	16126.43818	-0.23626	0	10
11	78	16131.85558	-0.28324	0	10
11	79	16137.33521	-0.32828	0	10
11	80	16142.87677	-0.35371	0	10
11	133	16514.53808	0.01243		0	10
11	168	16815.87731	0.05807		0	10
11	62	16052.83112	0.25081		1	10
12	45	16025.29034	2.08391		0	10
12	55	16060.63176	0.67296		0	10
12	68	16116.44159	0.70602		0	10
12	39	16007.33612	3.26605		1	10
12	41	16013.04667	2.91079		1	10
12	60	16080.79545	0.26428		1	10
12	103	16318.00893	0.15622		1	10
13	56	16100.30171	0.0552		0	10
13	103	16348.17124	0.76025		0	10
13	121	16474.01305	-0.09494	0	10
13	37	16038.94639	3.78773		1	10
13	59	16112.14813	0.66789		1	10
13	74	16179.88636	-0.37142	1	10
13	101	16335.11281	0.45689		1	10
13	128	16526.57203	0.17362		1	10
14	18	16038.52133	-3.57094	0	5
14	6	16028.24646	7.33901		1	5
14	113	16443.68287	-0.01057	1	10
15	150	16740.99566	8.30E-04	0	10
16	98	16401.90292	-0.28859	0	10
16	115	16508.65183	-0.21017	1	10
16	117	16522.00061	-0.39096	1	10
16	119	16535.49966	-0.85627	1	10
17	71	16290.86563	-12.18494	0	5
18	111	16531.06932	-0.13163	0	10
19	78	16378.10556	-0.00369	0	10
19	81	16392.03084	-0.35271	0	10
21	37	16293.66339	4.53738		0	10
21	61	16362.44944	2.31787		0	10
21	39	16298.17405	4.33826		1	10
22	133	16744.80489	-0.06765	0	10
23	59	16406.65748	1.75525		0	10
24	61	16437.36363	0.69329		1	10
25	117	16702.39678	0.03763		1	10


