A supplementary material to the paper

Investigation of the B^1\Pi state in NaCs by polarisation labelling spectroscopy 

Authors: A.Grochola, P.Kowalczyk (c), W.Jastrzebski
(c) Corresponding author: e-mail address pfkowal@fuw.edu.pl

++++++++++++++++++++++++++++++++++++++++++++++++++++++++++++++++++++++++++++++

Table 1.  Experimental energies of rovibrational levels in the B^1\Pi state (Eexp)
and the corresponding values calculated from the IPA potential (Ecalc), in cm-1.
Diff are the differences Eexp-Ecalc. In the fit of the potential energy curve
of the B^1\Pi state only the levels with flag=1 were used.
	  
    N   v   J      Eexp            Ecalc       Diff   flag
 =========================================================
    1  20  13    16226.62097    16227.06160   -.44063  1
    2  21  13    16255.75097    16256.15422   -.40325  1
    3  22  13    16283.85097    16284.12611   -.27514  1
    4  23  13    16310.88097    16310.96982   -.08885  1
    5  24  13    16336.72097    16336.69202    .02895  1
    6  25  13    16361.43097    16361.29813    .13284  1
    7  26  13    16384.97097    16384.76848    .20249  1
    8  27  13    16407.15097    16407.03879    .11218  1
    9  28  13    16428.19097    16428.01464    .17633  1
   10  29  13    16448.10097    16447.67129    .42968  1
   11  30  13    16466.92097    16466.16387    .75710  6
   12  31  13    16484.88097    16483.75447   1.12650  6
   13  33  13    16516.43097    16516.69161   -.26064  1
   14  34  13    16532.27097    16532.03834    .23263  1
   15  20  15    16228.26295    16228.71203   -.44908  1
   16  21  15    16257.43295    16257.76480   -.33185  1
   17  22  15    16285.45295    16285.69664   -.24369  1
   18  23  15    16312.36295    16312.50032   -.13737  1
   19  24  15    16338.21295    16338.18261    .03034  1
   20  25  15    16362.87295    16362.74859    .12436  1
   21  26  15    16386.31295    16386.17767    .13528  1
   22  27  15    16408.48295    16408.40429    .07866  1
   23  28  15    16429.43295    16429.33393    .09902  1
   24  29  15    16449.34295    16448.94492    .39803  1
   25  30  15    16468.18295    16467.39733    .78562  6
   26  31  15    16486.11295    16484.95329   1.15966  6
   27  33  15    16517.57857    16517.82415   -.24558  1
   28  34  15    16533.30857    16533.13669    .17188  1
   29  35  15    16547.81857    16547.66005    .15852  1
   30  36  15    16561.41857    16561.32643    .09214  1
   31  37  15    16574.27857    16574.10984    .16873  1
   32  38  15    16586.41857    16586.04472    .37385  1
   33  39  15    16597.08857    16597.20682   -.11825  1
   34  40  15    16607.84857    16607.68188    .16669  1
   35  41  15    16617.65857    16617.51159    .14698  1
   36  42  15    16626.74857    16626.66372    .08485  1
   37  43  15    16635.09857    16635.08071    .01786  1
   38  18  16    16167.85470    16168.26501   -.41031  1
   39  19  16    16198.95470    16199.48798   -.53328  6
   40  20  16    16229.18470    16229.62230   -.43760  1
   41  21  16    16258.32470    16258.65307   -.32837  1
   42  22  16    16286.33470    16286.56281   -.22811  1
   43  26  16    16387.08470    16386.95474    .12996  1
   44  27  16    16409.19470    16409.15722    .03748  1
   45  28  16    16430.14470    16430.06132    .08338  1
   46  29  16    16450.04470    16449.64713    .39757  1
   47  30  16    16468.86470    16468.07743    .78727  6
   48  34  16    16533.94470    16533.74221    .20249  1
   49  35  16    16548.40470    16548.24551    .15919  1
   50  36  16    16561.99470    16561.89062    .10408  1
   51   1  19    15466.41609    15466.39597    .02012  1
   52   2  19    15518.21609    15518.15207    .06402  1
   53   3  19    15568.65609    15568.62720    .02889  1
   54   4  19    15617.87609    15617.86334    .01275  1
   55   5  19    15665.68609    15665.82106   -.13497  1
   56   6  19    15712.03609    15712.34897   -.31288  1
   57   7  19    15757.13609    15757.36434   -.22825  1
   58   8  19    15800.71609    15800.92424   -.20815  1
   59   9  19    15843.13609    15843.13611   -.00002  1
   60  10  19    15884.03609    15884.06997   -.03388  1
   61  11  19    15923.76609    15923.80546   -.03937  1
   62  12  19    15962.35609    15962.38889   -.03280  1
   63  13  19    15999.77609    15999.86672   -.09063  1
   64  14  19    16036.21609    16036.27753   -.06144  1
   65  15  19    16070.29609    16071.64583  -1.34974  6
   66  16  19    16105.79609    16105.97636   -.18027  1
   67  17  19    16139.04609    16139.25963   -.21354  1
   68  18  19    16171.20609    16171.48375   -.27766  1
   69  21  19    16261.30800    16261.64932   -.34132  1
   70  22  19    16289.27800    16289.48438   -.20638  1
   71  23  19    16316.13800    16316.19134   -.05334  1
   72  24  19    16341.82800    16341.77718    .05082  1
   73  25  19    16366.40800    16366.24609    .16191  1
   74  26  19    16389.64800    16389.57523    .07277  1
   75  27  19    16411.70800    16411.69597    .01203  1
   76  28  19    16432.58800    16432.51370    .07430  1
   77  29  19    16452.39800    16452.01458    .38342  1
   78  30  19    16471.15800    16470.37054    .78746  6
   79  31  19    16489.04800    16487.84319   1.20481  6
   80  33  19    16520.39800    16520.55373   -.15573  1
   81  34  19    16535.97800    16535.78346    .19454  1
   82  35  19    16550.33800    16550.21875    .11925  1
   83  36  19    16563.86800    16563.79185    .07615  1
   84  37  19    16576.70800    16576.48040    .22760  1
   85  38  19    16587.23060    16588.32403  -1.09343  6
   86  39  19    16599.34800    16599.39992   -.05192  1
   87  40  19    16609.91800    16609.79401    .12399  1
   88  41  19    16619.68800    16619.54107    .14693  1
   89  42  19    16628.70800    16628.60390    .10410  1
   90  43  19    16637.04800    16636.92363    .12437  1
   91   0  20    15415.01498    15415.13964   -.12466  1
   92   1  20    15468.02498    15468.12429   -.09931  1
   93  17  20    16140.27498    16140.47875   -.20377  1
   94  18  20    16172.37498    16172.67529   -.30031  1
   95  19  20    16203.48498    16203.79662   -.31164  1
   96  20  20    16233.49498    16233.82948   -.33450  1
   97  21  20    16262.50498    16262.75838   -.25340  1
   98  22  20    16290.37498    16290.56577   -.19079  1
   99  23  20    16317.20498    16317.24506   -.04008  1
  100  24  20    16342.89498    16342.80331    .09167  1
  101  25  20    16367.35498    16367.24443    .11055  1
  102  26  20    16390.59498    16390.54494    .05004  1
  103  27  20    16412.63498    16412.63530   -.00032  1
  104  28  20    16433.50498    16433.42097    .08401  1
  105  29  20    16453.23498    16452.89043    .34455  1
  106  30  20    16471.99498    16471.21895    .77603  6
  107  31  20    16489.85498    16488.66787   1.18711  6
  108  33  20    16521.22498    16521.33253   -.10755  1
  109  34  20    16536.67498    16536.53852    .13646  1
  110  35  20    16551.05498    16550.94851    .10647  1
  111  36  20    16564.58498    16564.49486    .09012  1
  112  37  20    16577.29498    16577.15628    .13870  1
  113  40  20    16610.51498    16610.39608    .11890  1
  114  41  20    16620.31498    16620.11939    .19559  1
  115  42  20    16629.31498    16629.15650    .15848  1
  116  43  20    16637.50498    16637.44822    .05676  1
  117  45  20    16651.92498    16651.76480    .16018  1
  118  46  20    16658.13498    16657.97895    .15603  1
  119  47  20    16663.68498    16663.61792    .06706  1
  120  48  20    16668.62498    16668.56994    .05504  1
  121  49  20    16672.81498    16672.77183    .04315  1
  122  50  20    16676.45498    16676.32371    .13127  1
  123   2  21    15521.64780    15521.64436    .00344  1
  124   3  21    15572.06780    15572.06345    .00435  1
  125   4  21    15621.21780    15621.23794   -.02014  1
  126   5  21    15669.02780    15669.12719   -.09939  1
  127   6  21    15715.61780    15715.58027    .03753  1
  128   7  21    15760.51780    15760.51770    .00010  1
  129   8  21    15803.98780    15804.00065   -.01285  1
  130   9  21    15846.25780    15846.13767    .12013  1
  131  10  21    15886.98059    15886.99979   -.01920  1
  132  11  21    15926.66059    15926.66674   -.00615  1
  133  12  21    15965.22059    15965.18450    .03609  1
  134  13  21    16002.40059    16002.59944   -.19885  1
  135  16  21    16108.31059    16108.53217   -.22158  1
  136  17  21    16141.56059    16141.75849   -.19790  1
  137  18  21    16173.65059    16173.92605   -.27546  1
  138  19  21    16204.79059    16205.01852   -.22793  1
  139  20  21    16234.80059    16235.02256   -.22197  1
  140  21  21    16263.71059    16263.92251   -.21192  1
  141  22  21    16291.57059    16291.70081   -.13022  1
  142  23  21    16318.32059    16318.35105   -.03046  1
  143  24  21    16344.00059    16343.88032    .12027  1
  144  25  21    16368.38059    16368.29225    .08834  1
  145  26  21    16391.66059    16391.56265    .09794  1
  146  27  21    16413.64059    16413.62106    .01953  1
  147  28  21    16434.46059    16434.37301    .08758  1
  148  29  21    16454.15059    16453.80950    .34109  1
  149  30  21    16472.85059    16472.10930    .74129  6
  150  31  21    16490.70059    16489.53330   1.16729  6
  151  33  21    16522.05059    16522.14975   -.09916  1
  152  34  21    16537.47059    16537.33079    .13980  1
  153  35  21    16551.79059    16551.71415    .07644  1
  154  36  21    16565.27059    16565.23236    .03823  1
  155  37  21    16578.04059    16577.86526    .17533  1
  156  38  21    16588.70059    16589.65548   -.95489  6
  157  39  21    16600.63059    16600.68097   -.05038  1
  158  40  21    16611.13059    16611.02758    .10301  1
  159  41  21    16620.86059    16620.72588    .13471  1
  160  42  21    16629.81059    16629.73589    .07470  1
  161  43  21    16638.07059    16637.99808    .07251  1
  162  44  21    16645.27059    16645.47967   -.20908  1
  163  45  21    16652.40059    16652.25730    .14329  1
  164  46  21    16658.59059    16658.44615    .14444  1
  165  47  21    16664.09059    16664.05678    .03381  1
  166   8  22    15805.65714    15805.65086    .00628  1
  167   9  22    15847.76714    15847.74773    .01941  1
  168  10  22    15888.61714    15888.57138    .04576  1
  169  11  22    15928.22714    15928.20155    .02559  1
  170  12  22    15966.67714    15966.68407   -.00693  1
  171  13  22    16004.32714    16004.06528    .26186  1
  172  17  22    16142.91714    16143.09881   -.18167  1
  173   0  23    15420.91105    15420.91184   -.00079  1
  174   1  23    15473.81105    15473.82502   -.01397  1
  175   2  23    15525.48105    15525.47550    .00555  1
  176   3  23    15575.86105    15575.83310    .02795  1
  177   4  23    15624.93105    15624.93997   -.00892  1
  178   5  23    15672.61105    15672.75409   -.14304  1
  179   6  23    15719.03105    15719.12510   -.09405  1
  180   7  23    15763.92105    15763.97706   -.05601  1
  181   8  23    15807.46105    15807.37566    .08539  1
  182   9  23    15849.53105    15849.43058    .10047  1
  183  10  23    15890.32105    15890.21401    .10704  1
  184  11  23    15929.84105    15929.80574    .03531  1
  185  12  23    15968.26105    15968.25144    .00961  1
  186  13  23    16005.71105    16005.59737    .11368  1
  187  14  23    16041.92105    16041.88133    .03972  1
  188  15  23    16077.03105    16077.12629   -.09524  1
  189  16  23    16111.30105    16111.33585   -.03480  1
  190  17  23    16144.36105    16144.49964   -.13859  1
  191  18  23    16176.40105    16176.60508   -.20403  1
  192  21  23    16266.20284    16266.41575   -.21291  1
  193  22  23    16294.00284    16294.13169   -.12885  1
  194  23  23    16320.70284    16320.71960   -.01676  1
  195  24  23    16346.30284    16346.18671    .11613  1
  196  25  23    16370.62284    16370.53599    .08685  1
  197  26  23    16393.79284    16393.74174    .05110  1
  198  27  23    16415.69284    16415.73148   -.03864  1
  199  28  23    16436.46284    16436.41106    .05178  1
  200  29  23    16456.11284    16455.77697    .33587  1
  201  30  23    16474.81284    16474.01547    .79737  6
  202  31  23    16492.59284    16491.38620   1.20664  6
  203  33  23    16523.82284    16523.89916   -.07632  1
  204  34  23    16539.14284    16539.02658    .11626  1
  205  35  23    16553.43284    16553.35265    .08019  1
  206  36  23    16566.87284    16566.81041    .06243  1
  207  37  23    16579.54284    16579.38213    .16071  1
  208  38  23    16590.32284    16591.11372   -.79088  6
  209  39  23    16602.08284    16602.08402   -.00118  1
  210  40  23    16612.50284    16612.37847    .12437  1
  211  41  23    16622.10284    16622.02291    .07993  1
  212  42  23    16631.02284    16630.97450    .04834  1
  213  43  23    16639.24284    16639.17308    .06976  1
  214  44  23    16646.45284    16646.59001   -.13717  1
  215   7  24    15765.75692    15765.82135   -.06443  1
  216   8  24    15809.21692    15809.17500    .04192  1
  217   9  24    15851.18692    15851.18616    .00076  1
  218  10  24    15892.02692    15891.92764    .09928  1
  219  11  24    15931.46692    15931.47926   -.01234  1
  220  12  24    15969.93692    15969.88653    .05039  1
  221  17  24    16145.80692    16145.96094   -.15402  1
  222  18  24    16177.83692    16178.03322   -.19630  1
  223  19  24    16208.74692    16209.03076   -.28384  1
  224  20  24    16238.74692    16238.93999   -.19307  1
  225  21  24    16267.54692    16267.74473   -.19781  1
  226  22  24    16295.35692    16295.42738   -.07046  1
  227  23  24    16322.01692    16321.98203    .03489  1
  228  24  24    16347.53692    16347.41596    .12096  1
  229  25  24    16371.82692    16371.73179    .09513  1
  230  26  24    16394.97692    16394.90297    .07395  1
  231  27  24    16416.84692    16416.85598   -.00906  1
  232  28  24    16437.59692    16437.49688    .10004  1
  233  29  24    16457.16692    16456.82519    .34173  1
  234  30  24    16475.83692    16475.03111    .80581  6
  235  31  24    16493.60692    16492.37348   1.23344  6
  236  33  24    16524.76692    16524.83117   -.06425  1
  237  34  24    16540.04692    16539.92993    .11699  1
  238  35  24    16554.33692    16554.22531    .11161  1
  239  36  24    16567.67692    16567.65074    .02618  1
  240  37  24    16580.34692    16580.18981    .15711  1
  241  38  24    16591.26692    16591.89015   -.62323  6
  242  39  24    16602.86692    16602.83104    .03588  1
  243  40  24    16613.27692    16613.09763    .17929  1
  244  41  24    16622.78692    16622.71322    .07370  1
  245  42  24    16631.69692    16631.63345    .06347  1
  246  43  24    16639.90692    16639.79789    .10903  1
  247  44  24    16647.06692    16647.18034   -.11342  1
  248  45  24    16654.07692    16653.86900    .20792  1
  249  46  24    16660.08692    16659.97432    .11260  1
  250  47  24    16665.50692    16665.48997    .01695  1
  251  48  24    16670.34692    16670.29365    .05327  1
  252  49  24    16674.34692    16674.34459    .00233  1
  253  50  24    16677.85692    16677.75979    .09713  1
  254   1  26    15480.32060    15480.29806    .02254  1
  255   2  26    15531.90060    15531.85637    .04423  1
  256   3  26    15582.14060    15582.11156    .02904  1
  257   4  26    15631.07060    15631.10584   -.03524  1
  258   5  26    15678.74060    15678.79481   -.05421  1
  259   6  26    15725.01060    15725.02913   -.01853  1
  260   7  26    15769.74060    15769.73885    .00175  1
  261   8  26    15813.22060    15812.99707    .22353  1
  262   9  26    15855.10060    15854.91529    .18531  1
  263  10  26    15895.66060    15895.56767    .09293  1
  264  11  26    15935.11060    15935.03408    .07652  1
  265  12  26    15973.36060    15973.35971    .00089  1
  266  13  26    16010.68060    16010.59062    .08998  1
  267  14  26    16046.76060    16046.76395   -.00335  1
  268  15  26    16081.63060    16081.90128   -.27068  1
  269  16  26    16115.88060    16116.00525   -.12465  1
  270  17  26    16148.91060    16149.06472   -.15412  1
  271  25  26    16374.40396    16374.27082    .13314  1
  272  26  26    16397.37396    16397.36836    .00560  1
  273  27  26    16419.22396    16419.24306   -.01910  1
  274  28  26    16439.82396    16439.80159    .02237  1
  275  29  26    16459.36396    16459.05012    .31384  1
  276  30  26    16478.01396    16477.18713    .82683  6
  277  31  26    16495.74396    16494.46933   1.27463  6
  278  33  26    16526.74396    16526.80938   -.06542  1
  279  34  26    16541.92396    16541.84703    .07693  1
  280  35  26    16556.14396    16556.07691    .06705  1
  281  36  26    16569.47396    16569.43344    .04052  1
  282  37  26    16582.09396    16581.90305    .19091  1
  283  39  26    16604.38396    16604.41551   -.03155  1
  284  40  26    16614.72396    16614.62282    .10114  1
  285  41  26    16624.22396    16624.17674    .04722  1
  286  42  26    16633.08396    16633.02988    .05408  1
  287  43  26    16641.21396    16641.12132    .09264  1
  288  44  26    16648.39396    16648.43055   -.03659  1
  289  45  26    16655.15396    16655.05381    .10015  1
  290  46  26    16661.20396    16661.09690    .10706  1
  291  47  26    16666.56396    16666.54036    .02360  1
  292  48  26    16671.21396    16671.25791   -.04395  1
  293  49  26    16675.24396    16675.22341    .02055  1
  294  50  26    16678.66396    16678.56018    .10378  1
  295   1  28    15485.09619    15485.04152    .05467  1
  296   2  28    15536.58619    15536.53222    .05397  1
  297   3  28    15586.70619    15586.71234   -.00615  1
  298   4  28    15635.63619    15635.62413    .01206  1
  299   5  28    15683.17619    15683.22138   -.04519  1
  300   6  28    15729.35619    15729.35555    .00064  1
  301   7  28    15774.13619    15773.96110    .17509  1
  302   8  28    15817.25619    15817.11654    .13965  1
  303   9  28    15859.06619    15858.93463    .13156  1
  304  10  28    15899.55619    15899.49101    .06518  1
  305  11  28    15938.90619    15938.86555    .04064  1
  306  13  28    16014.35619    16014.24972    .10647  1
  307  14  28    16050.25619    16050.34192   -.08573  1
  308  15  28    16085.47619    16085.40029    .07590  1
  309  16  28    16119.43619    16119.42675    .00944  1
  310  17  28    16152.28619    16152.40964   -.12345  1
  311  18  28    16184.18619    16184.33532   -.14913  1
  312  21  28    16273.51728    16273.60821   -.09093  1
  313  22  28    16301.09728    16301.14358   -.04630  1
  314  23  28    16327.54728    16327.55111   -.00383  1
  315  24  28    16352.92728    16352.83823    .08905  1
  316  25  28    16377.06728    16377.00588    .06140  1
  317  26  28    16400.02728    16400.02373    .00355  1
  318  27  28    16421.73728    16421.81359   -.07631  1
  319  28  28    16442.25728    16442.28302   -.02574  1
  320  29  28    16461.80728    16461.44569    .36159  1
  321  30  28    16480.34728    16479.50885    .83843  6
  322  31  28    16498.07728    16496.72630   1.35098  6
  323  33  28    16528.91728    16528.93918   -.02190  1
  324  34  28    16543.96728    16543.91065    .05663  1
  325  35  28    16558.06728    16558.06945   -.00217  1
  326  36  28    16571.38728    16571.35135    .03593  1
  327  38  28    16594.84728    16595.30836   -.46108  1
  328  39  28    16606.10728    16606.11975   -.01247  1
  329  40  28    16616.37728    16616.26296    .11432  1
  330  41  28    16625.82728    16625.74984    .07744  1
  331  42  28    16634.57728    16634.52991    .04737  1
  332  44  28    16649.73728    16649.77233   -.03505  1
  333  45  28    16656.41728    16656.32537    .09191  1
  334  46  28    16662.40728    16662.30073    .10655  1
  335  47  28    16667.65728    16667.66435   -.00707  1
  336   0  29    15434.86100    15434.80077    .06023  1
  337   1  29    15487.59100    15487.54145    .04955  1
  338   2  29    15538.98100    15538.99648   -.01548  1
  339   3  29    15589.23100    15589.13704    .09396  1
  340   8  29    15819.37100    15819.28765    .08335  1
  341   9  29    15861.17100    15861.05297    .11803  1
  342  10  29    15901.62100    15901.55877    .06223  1
  343  11  29    15940.89100    15940.88488    .00612  1
  344  12  29    15979.22100    15979.07609    .14491  1
  345  18  29    16185.97100    16186.05789   -.08689  1
  346  19  29    16216.78100    16216.86933   -.08833  1
  347  20  29    16246.49100    16246.59265   -.10165  1
  348  21  29    16275.15100    16275.21060   -.05960  1
  349  22  29    16302.71100    16302.70561    .00539  1
  350  23  29    16329.13100    16329.07283    .05817  1
  351  24  29    16354.42100    16354.31971    .10129  1
  352  25  29    16378.56100    16378.44670    .11430  1
  353  26  29    16401.35100    16401.42241   -.07141  1
  354  27  29    16423.09100    16423.16736   -.07636  1
  355  28  29    16443.63100    16443.58971    .04129  1
  356  29  29    16463.00100    16462.70721    .29379  1
  357  30  29    16481.58100    16480.73160    .84940  6
  358  31  29    16499.29100    16497.91501   1.37599  6
  359  33  29    16530.01100    16530.06067   -.04967  1
  360  34  29    16545.06100    16544.99712    .06388  1
  361  35  29    16559.11100    16559.11826   -.00726  1
  362  36  29    16572.40100    16572.36068    .04032  1
  363  40  29    16617.12100    16617.12580   -.00480  1
  364  42  29    16635.40100    16635.31832    .08268  1
  365  44  29    16650.48100    16650.47710    .00390  1
  366  45  29    16657.10100    16656.99323    .10777  1
  367  46  29    16663.07100    16662.93257    .13843  1
  368  47  29    16668.29100    16668.25322    .03778  1
  369  48  29    16672.81100    16672.82590   -.01490  1
  370  50  29    16679.96100    16679.85633    .10467  1
  371  51  29    16682.56100    16682.47261    .08839  1
  372  52  29    16684.66100    16684.52980    .13120  1
  373   1  31    15492.78233    15492.79728   -.01495  1
  374   2  31    15544.13233    15544.17726   -.04493  1
  375   3  31    15594.25233    15594.23463    .01770  1
  376   4  31    15642.99233    15643.01155   -.01922  1
  377   5  31    15690.56233    15690.45878    .10355  1
  378   6  31    15736.44233    15736.42923    .01310  1
  379   7  31    15780.92233    15780.86466    .05767  1
  380   8  31    15824.08233    15823.85224    .23009  1
  381   9  31    15865.61233    15865.50667    .10566  1
  382  10  31    15905.97233    15905.90613    .06620  1
  383  11  31    15945.13233    15945.13040    .00193  1
  384  12  31    15983.40233    15983.22402    .17831  1
  385  13  31    16020.43233    16020.23258    .19975  1
  386  14  31    16056.34233    16056.19196    .15037  1
  387  15  31    16091.21233    16091.12105    .09128  1
  388  16  31    16125.09233    16125.02058    .07175  1
  389  17  31    16157.93233    16157.87803    .05430  1
  390  18  31    16189.63233    16189.67901   -.04668  1
  391  21  31    16278.56134    16278.57866   -.01732  1
  392  22  31    16305.98134    16305.98868   -.00734  1
  393  23  31    16332.34134    16332.27101    .07033  1
  394  24  31    16357.51134    16357.43315    .07819  1
  395  25  31    16381.52134    16381.47446    .04688  1
  396  26  31    16404.30134    16404.36122   -.05988  1
  397  27  31    16425.88134    16426.01133   -.12999  1
  398  28  31    16446.30134    16446.33442   -.03308  1
  399  29  31    16465.75134    16465.35712    .39422  1
  400  30  31    16484.15134    16483.30043    .85091  6
  401  31  31    16501.94134    16500.41226   1.52908  6
  402  32  31    16516.11134    16516.78599   -.67465  6
  403  33  31    16532.39134    16532.41628   -.02494  1
  404  34  31    16547.35134    16547.27877    .07257  1
  405  35  31    16561.33134    16561.32027    .01107  1
  406  36  31    16574.51134    16574.47936    .03198  1
  407  37  31    16587.06134    16586.75115    .31019  1
  408  38  31    16597.81134    16598.19650   -.38516  1
  409  39  31    16608.87134    16608.89838   -.02704  1
  410  40  31    16619.04134    16618.93627    .10507  1
  411  41  31    16628.34134    16628.31214    .02920  1
  412  43  31    16644.50134    16644.85159   -.35025  1
  413  44  31    16652.01134    16651.95342    .05792  1
  414  45  31    16658.47134    16658.39216    .07918  1
  415  17  32    16159.81442    16159.82081   -.00639  1
  416  18  32    16191.55442    16191.57740   -.02298  1
  417  19  32    16222.24442    16222.26036   -.01594  1
  418  20  32    16251.84442    16251.85526   -.01084  1
  419  21  32    16280.35442    16280.34415    .01027  1
  420  22  32    16307.78442    16307.70953    .07489  1
  421  23  32    16333.99442    16333.94729    .04713  1
  422  24  32    16359.14442    16359.06491    .07951  1
  423  25  32    16383.03442    16383.06118   -.02676  1
  424  26  32    16405.78442    16405.90113   -.11671  1
  425  27  32    16427.30442    16427.50128   -.19686  1
  426  28  32    16447.80442    16447.77218    .03224  1
  427  29  32    16467.07442    16466.74528    .32914  1
  428  30  32    16485.52442    16484.64629    .87813  6
  429  33  32    16533.54442    16533.65017   -.10575  1
  430  34  32    16548.53442    16548.47369    .06073  1
  431  35  32    16562.47442    16562.47318    .00124  1
  432  36  32    16575.62442    16575.58840    .03602  1
  433  38  32    16598.91442    16599.22025   -.30583  1
  434   0  33    15445.76751    15445.79021   -.02270  1
  435   1  33    15498.84751    15498.39381    .45370  1
  436   2  33    15549.64751    15549.69377   -.04626  1
  437   3  33    15599.67751    15599.66255    .01496  1
  438   4  33    15648.35751    15648.34216    .01535  1
  439   5  33    15695.65751    15695.68109   -.02358  1
  440   6  33    15741.54751    15741.53342    .01409  1
  441   8  33    15828.85751    15828.71280    .14471  1
  442   9  33    15870.31751    15870.24920    .06831  1
  443  10  33    15910.55751    15910.53546    .02205  1
  444  11  33    15949.62751    15949.65127   -.02376  1
  445  13  33    16024.62751    16024.54984    .07767  1
  446  14  33    16060.56751    16060.41328    .15423  1
  447  15  33    16095.29751    16095.24894    .04857  1
  448  16  33    16129.14751    16129.05670    .09081  1
  449  17  33    16161.88751    16161.82346    .06405  1
  450  18  33    16193.53751    16193.53425    .00326  1
  451  19  33    16224.19334    16224.17155    .02179  1
  452  20  33    16253.71334    16253.72082   -.00748  1
  453  21  33    16282.07611    16282.16384   -.08773  1
  454  22  33    16309.48611    16309.48315    .00296  1
  455  23  33    16335.71611    16335.67490    .04121  1
  456  24  33    16360.83611    16360.74658    .08953  1
  457  25  33    16384.69611    16384.69632   -.00021  1
  458  26  33    16407.35611    16407.48787   -.13176  1
  459  27  33    16428.84611    16429.03636   -.19025  1
  460  28  33    16449.23611    16449.25336   -.01725  1
  461  29  33    16468.62611    16468.17541    .45070  1
  462  30  33    16486.93611    16486.03298    .90313  6
  463  31  33    16504.66334    16503.06871   1.59463  6
  464  32  33    16518.74611    16519.36767   -.62156  6
  465  33  33    16534.88611    16534.92128   -.03517  1
  466  34  33    16549.70611    16549.70448    .00163  1
  467  35  33    16563.64611    16563.66049   -.01438  1
  468  36  33    16576.77611    16576.73037    .04574  1
  469  38  33    16599.97611    16600.27427   -.29816  1
  470  39  33    16610.86611    16610.89732   -.03121  1
  471  40  33    16620.92611    16620.85871    .06740  1
  472  41  33    16630.22611    16630.15339    .07272  1
  473  43  33    16646.28611    16646.50796   -.22185  1
  474  44  33    16653.55611    16653.51743    .03868  1
  475  45  33    16659.98611    16659.87396    .11215  1
  476  46  33    16665.72611    16665.65364    .07247  1
  477  47  33    16670.77611    16670.78023   -.00412  1
  478   8  34    15831.30603    15831.25388    .05215  1
  479   9  34    15872.70603    15872.72859   -.02256  1
  480  10  34    15912.88603    15912.95569   -.06966  1
  481  11  34    15951.93603    15952.01478   -.07875  1
  482  12  34    15989.72603    15989.95008   -.22405  1
  483  13  34    16026.78603    16026.80686   -.02083  1
  484  17  34    16163.96603    16163.88589    .08014  1
  485  18  34    16195.62603    16195.54946    .07657  1
  486  19  34    16226.19603    16226.13970    .05633  1
  487  20  34    16255.70603    16255.64191    .06412  1
  488  21  34    16284.04603    16284.03763    .00840  1
  489  22  34    16311.41603    16311.30943    .10660  1
  490  23  34    16337.51603    16337.45374    .06229  1
  491  24  34    16362.56603    16362.47804    .08799  1
  492  25  34    16386.36603    16386.37977   -.01374  1
  493  26  34    16408.96603    16409.12134   -.15531  1
  494  27  34    16430.41603    16430.61643   -.20040  1
  495  28  34    16450.76603    16450.77782   -.01179  1
  496  29  34    16469.99603    16469.64739    .34864  1
  497  30  34    16488.39603    16487.46035    .93568  6
  498  31  34    16506.17603    16504.45631   1.71972  6
  499  33  34    16536.14603    16536.22948   -.08345  1
  500  34  34    16550.93603    16550.97101   -.03498  1
  501  35  34    16564.81603    16564.88206   -.06603  1
  502  36  34    16577.94603    16577.90510    .04093  1
  503  38  34    16601.03603    16601.35840   -.32237  1
  504  39  34    16612.17603    16611.94029    .23574  1
  505  40  34    16621.83603    16621.86150   -.02547  1
  506  42  34    16639.69603    16639.63629    .05974  1
  507  43  34    16647.16603    16647.37042   -.20439  1
  508  44  34    16654.34603    16654.33177    .01426  1
  509  45  34    16660.78603    16660.64538    .14065  1
  510  46  34    16666.43603    16666.38091    .05512  1
  511  47  34    16671.39603    16671.45301   -.05698  1
  512  48  34    16675.77603    16675.74089    .03514  1
  513  49  34    16679.26603    16679.30045   -.03442  1
  514  50  34    16682.29603    16682.24424    .05179  1
  515  51  34    16684.85603    16684.58457    .27146  1
  516   0  35    15451.27158    15451.80191   -.53033  6
  517   1  35    15504.27158    15504.33029   -.05871  1
  518   2  35    15555.57158    15555.54525    .02633  1
  519   3  35    15605.39158    15605.42001   -.02843  1
  520   4  35    15654.05158    15653.99640    .05518  1
  521   5  35    15701.21158    15701.22043   -.00885  1
  522   6  35    15747.01158    15746.94746    .06412  1
  523   7  35    15791.34158    15791.13031    .21127  1
  524   8  35    15833.92158    15833.86870    .05288  1
  525   9  35    15875.28158    15875.27996    .00162  1
  526  10  35    15915.30158    15915.44618   -.14460  1
  527  11  35    15954.22158    15954.44690   -.22532  1
  528  12  35    15992.20158    15992.32625   -.12467  1
  529  13  35    16029.20158    16029.12937    .07221  1
  530  14  35    16064.97158    16064.89095    .08063  1
  531  15  35    16099.86158    16099.62739    .23419  1
  532  16  35    16133.44158    16133.33764    .10394  1
  533  17  35    16166.09158    16166.00802    .08356  1
  534  18  35    16197.69158    16197.62295    .06863  1
  535  21  35    16286.00786    16285.96542    .04244  1
  536  22  35    16313.27786    16313.18828    .08958  1
  537  23  35    16339.33786    16339.28372    .05414  1
  538  24  35    16364.32786    16364.25919    .06867  1
  539  25  35    16388.03786    16388.11142   -.07356  1
  540  26  35    16410.67786    16410.80139   -.12353  1
  541  27  35    16431.97786    16432.24135   -.26349  1
  542  28  35    16452.32786    16452.34541   -.01755  1
  543  29  35    16471.53786    16471.16109    .37677  1
  544  30  35    16489.84786    16488.92831    .91955  6
  545  32  35    16521.52786    16522.10280   -.57494  6
  546  33  35    16537.47786    16537.57465   -.09679  1
  547  34  35    16552.24786    16552.27312   -.02526  1
  548  35  35    16566.08786    16566.13770   -.04984  1
  549  36  35    16579.14786    16579.11240    .03546  1
  550  37  35    16590.02786    16591.20112  -1.17326  6
  551  38  35    16602.17786    16602.47246   -.29460  1
  552  39  35    16612.94786    16613.01202   -.06416  1
  553  40  35    16622.86786    16622.89175   -.02389  1
  554  41  35    16632.08786    16632.09922   -.01136  1
  555  42  35    16640.27786    16640.57349   -.29563  1
  556  43  35    16648.03786    16648.25540   -.21754  1
  557  44  35    16655.15786    16655.16737   -.00951  1
  558  45  35    16661.52786    16661.43682    .09104  1
  559  46  35    16667.14786    16667.12635    .02151  1
  560  47  35    16672.03786    16672.14140   -.10354  1
  561   0  36    15454.95550    15454.93667    .01883  1
  562   1  36    15507.37550    15507.42576   -.05026  1
  563   2  36    15558.56550    15558.59635   -.03085  1
  564   3  36    15608.40550    15608.42207   -.01657  1
  565   4  36    15656.94550    15656.94464    .00086  1
  566   5  36    15704.14550    15704.10872    .03678  1
  567   6  36    15749.74550    15749.77045   -.02495  1
  568   7  36    15793.90550    15793.88558    .01992  1
  569   8  36    15836.51550    15836.55717   -.04167  1
  570   9  36    15877.76550    15877.90321   -.13771  1
  571  10  36    15917.79550    15918.00685   -.21135  1
  572  11  36    15956.78550    15956.94755   -.16205  1
  573  12  36    15994.57550    15994.76937   -.19387  1
  574  13  36    16031.47550    16031.51730   -.04180  1
  575  14  36    16067.32550    16067.22573    .09977  1
  576  15  36    16102.07550    16101.91038    .16512  1
  577  16  36    16135.69550    16135.56971    .12579  1
  578  17  36    16168.34550    16168.18977    .15573  1
  579  18  36    16199.88550    16199.75464    .13086  1
  580  19  36    16230.27550    16230.24650    .02900  1
  581  20  36    16259.69550    16259.65033    .04517  1
  582  21  36    16287.99550    16287.94711    .04839  1
  583  22  36    16315.21550    16315.11958    .09592  1
  584  23  36    16341.22550    16341.16472    .06078  1
  585  24  36    16366.13550    16366.08991    .04559  1
  586  25  36    16389.81550    16389.89114   -.07564  1
  587  26  36    16412.31550    16412.52790   -.21240  1
  588  27  36    16433.63550    16433.91097   -.27547  1
  589  28  36    16453.81550    16453.95597   -.14047  1
  590  29  36    16473.07550    16472.71636    .35914  1
  591  30  36    16491.41550    16490.43675    .97875  6
  592  31  36    16505.49550    16507.34978  -1.85428  6
  593  32  36    16523.00550    16523.52755   -.52205  6
  594  33  36    16538.81550    16538.95663   -.14113  1
  595  34  36    16553.53550    16553.61066   -.07516  1
  596  35  36    16567.37550    16567.42726   -.05176  1
  597  36  36    16580.40550    16580.35212    .05338  1
  598  38  36    16603.26550    16603.61628   -.35078  1
  599  39  36    16614.04550    16614.11237   -.06687  1
  600  40  36    16623.98550    16623.94928    .03622  1
  601  41  36    16633.09240    16633.11081   -.01841  1
  602  42  36    16641.63240    16641.53466    .09774  1
  603  43  36    16648.97240    16649.16263   -.19023  1
  604  44  36    16656.04240    16656.02400    .01840  1
  605  45  36    16662.33240    16662.24804    .08436  1
  606  46  36    16667.91240    16667.88958    .02282  1
  607  47  36    16672.74240    16672.84492   -.10252  1
  608  48  36    16676.70240    16677.00359   -.30119  1
  609  49  36    16680.40240    16680.44546   -.04306  1
  610  50  36    16683.28240    16683.26756    .01484  1
  611  51  36    16685.65240    16685.47935    .17305  1
  612   0  37    15458.19596    15458.15723    .03873  1
  613   1  37    15510.62596    15510.60591    .02005  1
  614   2  37    15561.80596    15561.73088    .07508  1
  615  17  37    16170.49591    16170.43105    .06486  1
  616  18  37    16202.02591    16201.94444    .08147  1
  617  19  37    16232.41591    16232.38497    .03094  1
  618  20  37    16261.80591    16261.73745    .06846  1
  619  21  37    16290.02591    16289.98261    .04330  1
  620  22  37    16317.15591    16317.10323    .05268  1
  621  23  37    16343.15591    16343.09663    .05928  1
  622  24  37    16368.00591    16367.97009    .03582  1
  623  25  37    16391.61591    16391.71881   -.10290  1
  624  26  37    16414.01591    16414.30072   -.28481  1
  625  27  37    16435.34591    16435.62513   -.27922  1
  626  28  37    16455.51591    16455.60936   -.09345  1
  627  29  37    16474.72591    16474.31308    .41283  1
  628  30  37    16493.00591    16491.98551   1.02040  6
  629  32  37    16524.49591    16524.99029   -.49438  1
  630  33  37    16540.26591    16540.37530   -.10939  1
  631  34  37    16554.93591    16554.98346   -.04755  1
  632  35  37    16568.63591    16568.75054   -.11463  1
  633  36  37    16581.72591    16581.62405    .10186  1
  634  37  37    16592.62591    16593.61298   -.98707  6
  635  38  37    16604.48591    16604.78969   -.30378  1
  636  39  37    16615.18591    16615.24113   -.05522  1
  637  40  37    16625.02591    16625.03387   -.00796  1
  638  41  37    16634.11591    16634.14789   -.03198  1
  639  42  37    16642.73591    16642.51951    .21640  1
  640  43  37    16649.92591    16650.09185   -.16594  1
  641  44  37    16656.88591    16656.90140   -.01549  1
  642  45  37    16663.14591    16663.07875    .06716  1
  643  46  37    16668.67591    16668.67025    .00566  1
  644  47  37    16673.46591    16673.56312   -.09721  1
  645  48  37    16677.47591    16677.65397   -.17806  1
  646  49  37    16680.97591    16681.03432   -.05841  1
  647  50  37    16683.82591    16683.79146    .03445  1
  648  51  37    16685.98591    16685.93436    .05155  1
  649  52  37    16687.38591    16687.47924   -.09333  1
  650   0  38    15461.44667    15461.46348   -.01681  1
  651   1  38    15513.85267    15513.87063   -.01796  1
  652   2  38    15564.95667    15564.94872    .00795  1
  653   3  38    15614.67667    15614.67232    .00435  1
  654   4  38    15663.06667    15663.08280   -.01613  1
  655   5  38    15710.14667    15710.12205    .02462  1
  656   6  38    15755.69667    15755.64779    .04888  1
  657   7  38    15799.61667    15799.62207   -.00540  1
  658   8  38    15842.18667    15842.15472    .03195  1
  659   9  38    15883.10667    15883.36503   -.25836  1
  660  10  38    15923.04667    15923.33843   -.29176  1
  661  11  38    15961.91667    15962.15412   -.23745  1
  662  12  38    15999.68667    15999.85611   -.16944  1
  663  13  38    16036.36667    16036.48909   -.12242  1
  664  14  38    16072.06667    16072.08676   -.02009  1
  665  15  38    16106.72667    16106.66346    .06321  1
  666  16  38    16140.38667    16140.21665    .17002  1
  667  17  38    16172.83667    16172.73177    .10490  1
  668  18  38    16204.24667    16204.19224    .05443  1
  669  19  38    16234.62667    16234.58002    .04665  1
  670  20  38    16263.98093    16263.87973    .10120  1
  671  21  38    16292.13093    16292.07181    .05912  1
  672  22  38    16319.23093    16319.13914    .09179  1
  673  23  38    16345.14093    16345.07934    .06159  1
  674  24  38    16369.88093    16369.89962   -.01869  1
  675  25  38    16393.47093    16393.59430   -.12337  1
  676  26  38    16415.84093    16416.11971   -.27878  1
  677  27  38    16437.08093    16437.38367   -.30274  1
  678  28  38    16457.21093    16457.30541   -.09448  1
  679  29  38    16476.36093    16475.95110    .40983  1
  680  30  38    16494.64093    16493.57447   1.06646  6
  681  32  38    16526.02093    16526.49086   -.46993  1
  682  33  38    16541.71093    16541.83050   -.11957  1
  683  34  38    16556.27093    16556.39136   -.12043  1
  684  35  38    16570.03093    16570.10738   -.07645  1
  685  36  38    16583.00093    16582.92801    .07292  1
  686  37  38    16593.97093    16594.86501   -.89408  6
  687  38  38    16605.69093    16605.99251   -.30158  1
  688  39  38    16616.30093    16616.39814   -.09721  1
  689  40  38    16626.11093    16626.14532   -.03439  1
  690  41  38    16635.19093    16635.21019   -.01926  1
  691  42  38    16642.85093    16643.52779   -.67686  6
  692  43  38    16650.84093    16651.04278   -.20185  1
  693  44  38    16657.77093    16657.79933   -.02840  1
  694  45  38    16663.90093    16663.92868   -.02775  1
  695  46  38    16669.39093    16669.46792   -.07699  1
  696  47  38    16674.15093    16674.29549   -.14456  1
  697   7  40    15805.57662    15805.65914   -.08252  1
  698   8  40    15847.93662    15848.04575   -.10913  1
  699   9  40    15888.64662    15889.11332   -.46670  1
  700  10  40    15928.37662    15928.94971   -.57309  6
  701  11  40    15967.19662    15967.63380   -.43718  1
  702  12  40    16004.87662    16005.20962   -.33300  1
  703  16  40    16145.17662    16145.10670    .06992  1
  704  17  40    16177.62662    16177.51115    .11547  1
  705  18  40    16208.96662    16208.86148    .10514  1
  706  19  40    16239.22662    16239.13946    .08716  1
  707  20  40    16268.42662    16268.32928    .09734  1
  708  21  40    16296.48662    16296.41083    .07579  1
  709  22  40    16323.43662    16323.36723    .06939  1
  710  23  40    16349.27662    16349.19669    .07993  1
  711  24  40    16373.84662    16373.90618   -.05956  1
  712  25  40    16397.39662    16397.48819   -.09157  1
  713  26  40    16419.54662    16419.89558   -.34896  1
  714  27  40    16440.68662    16441.03324   -.34662  1
  715  28  40    16460.71662    16460.82483   -.10821  1
  716  29  40    16479.75662    16479.35046    .40616  1
  717  30  40    16498.00662    16496.87254   1.13408  6
  718  32  40    16529.08662    16529.60484   -.51822  6
  719  33  40    16544.61662    16544.84985   -.23323  1
  720  34  40    16559.13662    16559.31173   -.17511  1
  721  35  40    16572.83662    16572.92092   -.08430  1
  722  36  40    16585.79662    16585.63120    .16542  1
  723  37  40    16596.68662    16597.46029   -.77367  6
  724  39  40    16618.66662    16618.79609   -.12947  1
  725  40  40    16628.37662    16628.44791   -.07129  1
  726  41  40    16637.39662    16637.40948   -.01286  1
  727  43  40    16652.77662    16653.00863   -.23201  1
  728  44  40    16659.57662    16659.65571   -.07909  1
  729  45  40    16665.68662    16665.68496    .00166  1
  730  46  40    16671.06662    16671.11251   -.04589  1
  731  48  40    16679.49662    16679.67571   -.17909  1
  732  49  40    16682.84662    16682.85910   -.01248  1
  733  50  40    16685.37662    16685.40352   -.02690  1
  734  51  40    16686.88662    16687.31739   -.43077  1
  735   1  41    15524.15038    15524.17112   -.02074  1
  736   2  41    15575.06038    15575.10103   -.04065  1
  737   3  41    15624.63038    15624.66131   -.03093  1
  738   4  41    15672.94038    15672.89258    .04780  1
  739   5  41    15719.76038    15719.73216    .02822  1
  740   6  41    15765.05038    15765.04059    .00979  1
  741   7  41    15808.68038    15808.79012   -.10974  1
  742   8  41    15850.95038    15851.10106   -.15068  1
  743   9  41    15891.52038    15892.09465   -.57427  6
  744  10  41    15931.27038    15931.85998   -.58960  6
  745  11  41    15969.98038    15970.47583   -.49545  1
  746  12  41    16007.50038    16007.98620   -.48582  1
  747  13  41    16044.39038    16044.43528   -.04490  1
  748  14  41    16079.94038    16079.85569    .08469  1
  749  15  41    16114.38038    16114.25954    .12084  1
  750  16  41    16147.82038    16147.64266    .17772  1
  751  17  41    16180.14038    16179.98961    .15077  1
  752  18  41    16211.43038    16211.28272    .14766  1
  753  19  41    16241.65038    16241.50363    .14675  1
  754  20  41    16270.78038    16270.63635    .14403  1
  755  21  41    16298.73038    16298.66044    .06994  1
  756  22  41    16325.62038    16325.55918    .06120  1
  757  23  41    16351.44038    16351.33108    .10930  1
  758  24  41    16375.95038    16375.98297   -.03259  1
  759  25  41    16399.30038    16399.50632   -.20594  1
  760  26  41    16421.51038    16421.85216   -.34178  1
  761  27  41    16442.51038    16442.92392   -.41354  1
  762  28  41    16462.53038    16462.64785   -.11747  1
  763  30  41    16495.24038    16498.58135  -3.34097  6
  764  31  41    16513.89038    16515.26700  -1.37662  6
  765  32  41    16530.69038    16531.21799   -.52761  6
  766  33  41    16546.19038    16546.41369   -.22331  1
  767  34  41    16560.64038    16560.82382   -.18344  1
  768  35  41    16574.25038    16574.37722   -.12684  1
  769  37  41    16598.02038    16598.80311   -.78273  6
  770  38  41    16609.42038    16609.77547   -.35509  1
  771  16  45    16158.44875    16158.39042    .05833  1
  772  17  45    16190.56875    16190.49292    .07583  1
  773  18  45    16221.67875    16221.54267    .13608  1
  774  19  45    16251.65875    16251.52086    .13789  1
  775  20  45    16280.54875    16280.41051    .13824  1
  776  21  45    16308.24875    16308.19004    .05871  1
  777  22  45    16334.87875    16334.84338    .03537  1
  778  23  45    16360.36875    16360.37038   -.00163  1
  779  24  45    16384.66875    16384.77692   -.10817  1
  780  25  45    16407.71875    16408.04983   -.33108  1
  781  26  45    16429.59875    16430.13204   -.53329  6
  782  27  45    16450.47875    16450.92154   -.44279  1
  783  28  45    16470.18875    16470.35779   -.16904  1
  784  29  45    16489.16875    16488.56127    .60748  6
  785  32  45    16537.58875    16538.04098   -.45223  1
  786  33  45    16552.71875    16553.02599   -.30724  1
  787  34  45    16566.93875    16567.21357   -.27482  1
  788  35  45    16580.45875    16580.52764   -.06889  1
  789  37  45    16603.73875    16604.47070   -.73195  6
  790  38  45    16614.83875    16615.21909   -.38034  1
  791  39  45    16625.05875    16625.27072   -.21197  1
  792  40  45    16634.59875    16634.65778   -.05903  1
  793  42  45    16650.75875    16651.21485   -.45610  1
  794  43  45    16657.99875    16658.28250   -.28375  1
  795  44  45    16664.48875    16664.63647   -.14772  1
  796  45  45    16670.30875    16670.38811   -.07936  1
  797  47  45    16679.41875    16679.77156   -.35281  1
  798  48  45    16683.17875    16683.24915   -.07040  1
  799  49  45    16686.00875    16686.04908   -.04033  1
  800  50  45    16688.40875    16688.16742    .24133  1
  801   0  46    15491.01452    15490.98515    .02937  1
  802   1  46    15542.96452    15543.01906   -.05454  1
  803   2  46    15593.64452    15593.67671   -.03219  1
  804   4  46    15690.81452    15690.84076   -.02624  1
  805   5  46    15737.42452    15737.31440    .11012  1
  806   6  46    15782.01452    15782.22530   -.21078  1
  807   7  46    15824.70452    15825.56478   -.86026  6
  808   8  46    15866.05452    15867.47121  -1.41669  6
  809   9  46    15906.45452    15908.06893  -1.61441  6
  810  10  46    15945.92452    15947.45402  -1.52950  6
  811  11  46    15984.45452    15985.70400  -1.24948  6
  812  12  46    16021.96452    16022.86344   -.89892  6
  813  13  46    16058.37452    16058.97552   -.60100  6
  814  14  46    16093.59452    16094.07073   -.47621  1
  815  15  46    16128.09894    16128.15721   -.05827  1
  816  16  46    16161.28894    16161.22780    .06114  1
  817  17  46    16193.42894    16193.26556    .16338  1
  818  18  46    16224.40894    16224.25083    .15811  1
  819  19  46    16254.32894    16254.16470    .16424  1
  820  20  46    16283.15894    16282.98991    .16903  1
  821  21  46    16310.77894    16310.70458    .07436  1
  822  22  46    16337.34894    16337.29287    .05607  1
  823  23  46    16362.73894    16362.75495   -.01601  1
  824  24  46    16387.15894    16387.09638    .06256  1
  825  25  46    16409.90894    16410.30265   -.39371  1
  826  26  46    16431.77894    16432.31450   -.53556  6
  827  27  46    16452.53894    16453.02868   -.48974  1
  828  28  46    16472.29894    16472.38879   -.08985  1
  829  29  46    16491.15894    16490.52428    .63466  6
  830  31  46    16523.01894    16524.14649  -1.12755  6
  831  32  46    16539.29894    16539.83849   -.53955  6
  832  33  46    16554.41894    16554.76737   -.34843  1
  833  34  46    16568.63894    16568.89526   -.25632  1
  834  36  46    16593.02894    16594.48755  -1.45861  6
  835  37  46    16605.22894    16605.96052   -.73158  6
  836  38  46    16616.22894    16616.64993   -.42099  1
  837  39  46    16626.35894    16626.64605   -.28711  1
  838  40  46    16635.87894    16635.97530   -.09636  1
  839  41  46    16643.72894    16644.58380   -.85486  6
  840  42  46    16651.89894    16652.39877   -.49983  1
  841  43  46    16659.07894    16659.39635   -.31741  1
  842  44  46    16665.48894    16665.68839   -.19945  1
  843  45  46    16671.17894    16671.37894   -.20000  1
  844  46  46    16675.84894    16676.40191   -.55297  6
  845  18  50    16235.74361    16235.65257    .09104  1
  846  19  50    16265.35361    16265.29445    .05916  1
  847  20  50    16294.07361    16293.84697    .22664  1
  848  21  50    16321.30361    16321.28719    .01642  1
  849  22  50    16347.55361    16347.60029   -.04668  1
  850  23  50    16372.66361    16372.78773   -.12412  1
  851  24  50    16396.44361    16396.85333   -.40972  1
  852  25  50    16419.14361    16419.77650   -.63289  6
  853  26  50    16440.81361    16441.48833   -.67472  6
  854  27  50    16461.34361    16461.88176   -.53815  6
  855  28  50    16480.84361    16480.92090   -.07729  1
  856  29  50    16499.60361    16498.77369    .82992  6
  857  31  50    16530.92361    16531.92919  -1.00558  6
  858  32  50    16546.79361    16547.38981   -.59620  6
  859  33  50    16561.61361    16562.07988   -.46627  1
  860  34  50    16575.61361    16575.95198   -.33837  1
  861  35  50    16589.06361    16588.92942    .13419  1
  862  36  50    16599.75361    16600.99519  -1.24158  6
  863  37  50    16611.45361    16612.20418   -.75057  6
  864  38  50    16622.16361    16622.64606   -.48245  1
  865  39  50    16632.09361    16632.40661   -.31300  1
  866  40  50    16641.45361    16641.48695   -.03334  1
  867  41  50    16649.06361    16649.82004   -.75643  6
  868  42  50    16656.79361    16657.33349   -.53988  6
  869  43  50    16663.75361    16664.03752   -.28391  1
  870  44  50    16669.78361    16670.07005   -.28644  1
  871   1  51    15563.90223    15563.95336   -.05113  1
  872   2  51    15614.25103    15614.30675   -.05572  1
  873   3  51    15663.24223    15663.23450    .00773  1
  874   3  51    15663.35103    15663.23450    .11653  1
  875   4  51    15710.85223    15710.77225    .07998  1
  876   4  51    15710.79103    15710.77225    .01878  1
  877   5  51    15756.42223    15756.83840   -.41617  1
  878   5  51    15756.43103    15756.83840   -.40737  1
  879   6  51    15799.64223    15801.30784  -1.66561  6
  880  11  51    16000.31103    16002.61914  -2.30811  6
  881  12  51    16037.62103    16039.38843  -1.76740  6
  882  13  51    16074.03103    16075.12543  -1.09440  6
  883  15  51    16143.15103    16143.59042   -.43939  1
  884  16  51    16176.12103    16176.31179   -.19076  1
  885  17  51    16207.93103    16208.00377   -.07274  1
  886  18  51    16238.68103    16238.64463    .03640  1
  887  19  51    16268.25103    16268.21481    .03622  1
  888  21  51    16324.07103    16324.06322    .00781  1
  889  22  51    16350.14103    16350.30375   -.16272  1
  890  23  51    16375.20103    16375.41875   -.21772  1
  891  24  51    16398.96103    16399.41150   -.45047  1
  892  25  51    16421.58103    16422.25967   -.67864  6
  893  26  51    16443.15103    16443.89170   -.74067  6
  894  27  51    16463.59103    16464.19999   -.60896  6
  895  28  51    16483.05103    16483.15491   -.10388  1
  896  29  51    16496.84103    16500.93450  -4.09347  6
  897  30  51    16515.71103    16517.82549  -2.11446  6
  898  31  51    16532.80103    16533.96769  -1.16666  6
  899  32  51    16548.62103    16549.36699   -.74596  6
  900  33  51    16563.42103    16563.99363   -.57260  6
  901  34  51    16577.40103    16577.79735   -.39632  1
  902  36  51    16601.38103    16602.69518  -1.31415  6
  903  37  51    16612.92103    16613.83487   -.91384  6
  904  38  51    16623.60103    16624.21202   -.61099  6
  905  39  51    16633.52103    16633.91010   -.38907  1
  906  40  51    16641.48103    16642.92350  -1.44247  6
  907  41  51    16650.35103    16651.18218   -.83115  6
  908  42  51    16657.94103    16658.61482   -.67379  6
  909  43  51    16664.72103    16665.24250   -.52147  6
  910  44  51    16670.82103    16671.20689   -.38586  1
  911  45  51    16675.75103    16676.55410   -.80307  6
  912  46  51    16680.49103    16681.13659   -.64556  6
  913  47  51    16684.28103    16684.83380   -.55277  6
  914  48  51    16687.98103    16687.76421    .21682  1
 
++++++++++++++++++++++++++++++++++++++++++++++++++++++++++++++++++++++++++++++

Table 2. Parameters defining the IPA potential energy curve for the B^1\Pi state of NaCs.

R[A]     U[cm-1]
3.4    28303.3752      
3.6    19755.5597      
3.7    17921.4827      
3.8    16463.3209      
3.9    15787.6419      
4.0    15580.2126      
4.2    15417.0134      
4.4    15370.0231      
4.6    15394.9854      
4.8    15463.8153      
5.2    15649.2462      
5.6    15824.2158      
6.0    15981.0697      
6.4    16121.4339      
6.8    16239.3309      
7.2    16332.8827  
7.6    16404.7489  
8.0    16456.2907  
8.8    16538.1047  
9.6    16589.8797  
10.0   16624.5842  
11.2   16645.6826  
12.0   16660.1290  
12.8   16668.6771  
14.4   16677.7711  
16.0   16682.0108  
17.6   16684.0715  
19.2   16685.1259  
20.8   16685.6952  
22.4   16686.0165  
24.8   16686.2696  

R_out = 13.18506 A
U_inf = 16686.547 cm-1
C_6 = 5.16831E+07 cm-1 A^6
C_8 = 9.42143E+09 cm-1 A^8 
C_10 = -8.18828E+11 cm-1 A^10
